area,pressure,timeBetweenDown,timeBetweenUp,timeLapsePress,x,y,area,pressure,timeBetweenTouch,timeBetweenDown,timeBetweenUp,timeLapsePress,x,y,area,pressure,timeBetweenTouch,timeBetweenDown,timeBetweenUp,timeLapsePress,x,y,area,pressure,timeBetweenTouch,timeBetweenDown,timeBetweenUp,timeLapsePress,x,y,user,length
0,0.003921568859369,350053985,350054069,84,128,80,0,0.003921568859369,285,350054354,350054431,77,138,122,0,0.003921568859369,1030,350055461,350055529,68,99,94,0,0.003921568859369,175,350055704,350055773,69,79,111,1,pin-length-4
0,0.003921568859369,350134184,350134276,92,140,108,0,0.003921568859369,159,350134435,350134495,60,103,88,0,0.003921568859369,175,350134670,350134765,95,158,86,0,0.003921568859369,125,350134890,350134967,77,71,120,1,pin-length-4
0,0.003921568859369,350141471,350141538,67,144,73,0,0.003921568859369,159,350141697,350141756,59,168,113,0,0.003921568859369,176,350141932,350142000,68,119,105,0,0.003921568859369,75,350142075,350142152,77,68,106,1,pin-length-4
0,0.003921568859369,350159737,350159805,68,144,122,0,0.003921568859369,134,350159939,350160007,68,146,103,0,0.003921568859369,142,350160149,350160217,68,122,91,0,0.003921568859369,59,350160276,350160370,94,42,70,1,pin-length-4
0,0.003921568859369,380547831,380547881,50,133,84,0,0.003921568859369,143,380548024,380548074,50,188,30,0,0.003921568859369,118,380548192,380548243,51,45,94,0,0.003921568859369,109,380548352,380548420,68,87,132,1,pin-length-4
0,0.003921568859369,380551216,380551266,50,111,108,0,0.003921568859369,151,380551417,380551459,42,97,73,0,0.003921568859369,151,380551610,380551652,42,113,106,0,0.003921568859369,109,380551761,380551803,42,88,121,1,pin-length-4
0,0.003921568859369,380553957,380554024,67,109,68,0,0.003921568859369,110,380554134,380554202,68,60,78,0,0.003921568859369,110,380554312,380554397,85,80,115,0,0.003921568859369,160,380554557,380554617,60,58,155,1,pin-length-4
0,0.003921568859369,380560330,380560674,344,117,104,0,0.003921568859369,477,380561151,380561452,301,120,92,0,0.003921568859369,576,380562028,380562261,233,126,107,0,0.003921568859369,2374,380564635,380564919,284,104,98,1,pin-length-4
0,0.003921568859369,380567491,380567777,286,123,91,0,0.003921568859369,608,380568385,380568653,268,135,101,0,0.003921568859369,601,380569254,380569608,354,127,99,0,0.003921568859369,635,380570243,380570621,378,138,107,1,pin-length-4
0,0.003921568859369,380572541,380572626,85,105,134,0,0.003921568859369,118,380572744,380572820,76,81,172,0,0.003921568859369,151,380572971,380573022,51,50,104,0,0.003921568859369,51,380573073,380573168,95,67,88,1,pin-length-4
0,0.003921568859369,380577347,380577397,50,95,107,0,0.003921568859369,159,380577556,380577616,60,126,97,0,0.003921568859369,151,380577767,380577826,59,83,112,0,0.003921568859369,93,380577919,380577987,68,88,83,1,pin-length-4
0,0.003921568859369,350064832,350064917,85,127,85,0,0.003921568859369,266,350065183,350065260,77,127,132,0,0.003921568859369,226,350065486,350065553,67,155,71,0,0.003921568859369,192,350065745,350065830,85,78,134,1,pin-length-4
0,0.003921568859369,380579912,380579971,59,61,97,0,0.003921568859369,235,380580206,380580283,77,37,85,0,0.003921568859369,300,380580583,380580659,76,60,144,0,0.003921568859369,276,380580935,380581004,69,151,103,1,pin-length-4
0,0.003921568859369,8426746,8426822,76,119,93,0,0.003921568859369,408,8427230,8427306,76,118,81,0,0.003921568859369,625,8427931,8427998,67,99,93,0,0.003921568859369,276,8428274,8428333,59,124,74,1,pin-length-4
0,0.003921568859369,8429705,8429764,59,116,98,0,0.003921568859369,210,8429974,8430050,76,89,91,0,0.003921568859369,234,8430284,8430370,86,50,100,0,0.003921568859369,292,8430662,8430729,67,115,94,1,pin-length-4
0,0.003921568859369,8432017,8432093,76,96,57,0,0.003921568859369,176,8432269,8432345,76,101,83,0,0.003921568859369,201,8432546,8432631,85,71,78,0,0.003921568859369,235,8432866,8432933,67,98,71,1,pin-length-4
0,0.003921568859369,8434251,8434317,66,111,90,0,0.003921568859369,168,8434485,8434553,68,118,98,0,0.003921568859369,200,8434753,8434847,94,77,89,0,0.003921568859369,284,8435131,8435180,49,95,111,1,pin-length-4
0,0.003921568859369,8436664,8436731,67,88,88,0,0.003921568859369,168,8436899,8436967,68,107,88,0,0.003921568859369,176,8437143,8437227,84,78,106,0,0.003921568859369,245,8437472,8437531,59,120,94,1,pin-length-4
0,0.003921568859369,350074161,350074220,59,124,68,0,0.003921568859369,226,350074446,350074513,67,145,150,0,0.003921568859369,242,350074755,350074814,59,175,96,0,0.003921568859369,234,350075048,350075124,76,45,128,1,pin-length-4
0,0.003921568859369,350082176,350082252,76,108,91,0,0.003921568859369,259,350082511,350082595,84,134,138,0,0.003921568859369,242,350082837,350082896,59,129,89,0,0.003921568859369,251,350083147,350083214,67,72,115,1,pin-length-4
0,0.003921568859369,350090721,350090779,58,100,88,0,0.003921568859369,309,350091088,350091156,68,135,116,0,0.003921568859369,700,350091856,350091923,67,122,107,0,0.003921568859369,192,350092115,350092191,76,89,136,1,pin-length-4
0,0.003921568859369,350100163,350100248,85,139,65,0,0.003921568859369,158,350100406,350100466,60,137,150,0,0.003921568859369,175,350100641,350100709,68,93,120,0,0.003921568859369,101,350100810,350100886,76,75,86,1,pin-length-4
0,0.003921568859369,350108624,350108692,68,108,69,0,0.003921568859369,167,350108859,350108926,67,129,135,0,0.003921568859369,176,350109102,350109170,68,120,113,0,0.003921568859369,125,350109295,350109363,68,56,100,1,pin-length-4
0,0.003921568859369,350116382,350116448,66,147,94,0,0.003921568859369,160,350116608,350116658,50,117,63,0,0.003921568859369,243,350116901,350116959,58,106,92,0,0.003921568859369,109,350117068,350117153,85,72,108,1,pin-length-4
0,0.003921568859369,350126267,350126343,76,109,89,0,0.003921568859369,176,350126519,350126596,77,103,117,0,0.003921568859369,167,350126763,350126839,76,76,117,0,0.003921568859369,85,350126924,350127017,93,77,105,1,pin-length-4
0,0.003921568859369,408093543,408093628,85,87,96,0,0.003921568859369,367,408093995,408094106,111,100,98,0,0.003921568859369,342,408094448,408094541,93,116,88,0,0.003921568859369,375,408094916,408095010,94,89,111,2,pin-length-4
0,0.003921568859369,408152820,408152982,162,110,90,0,0.003921568859369,134,408153116,408153296,180,138,109,0,0.003921568859369,168,408153464,408153621,157,107,82,0,0.003921568859369,276,408153897,408154044,147,114,118,2,pin-length-4
0,0.003921568859369,408157134,408157262,128,107,109,0,0.003921568859369,259,408157521,408157693,172,138,77,0,0.003921568859369,192,408157885,408158033,148,127,54,0,0.003921568859369,284,408158317,408158454,137,83,121,2,pin-length-4
0,0.003921568859369,408161434,408161569,135,97,128,0,0.003921568859369,76,408161645,408161783,138,102,119,0,0.003921568859369,167,408161950,408162079,129,107,71,0,0.003921568859369,201,408162280,408162434,154,101,80,2,pin-length-4
0,0.003921568859369,408165783,408165927,144,102,102,0,0.003921568859369,193,408166120,408166249,129,109,107,0,0.003921568859369,158,408166407,408166546,139,73,99,0,0.003921568859369,192,408166738,408166867,129,103,109,2,pin-length-4
0,0.003921568859369,408170237,408170347,110,114,92,0,0.003921568859369,184,408170531,408170668,137,111,79,0,0.003921568859369,184,408170852,408170972,120,89,58,0,0.003921568859369,283,408171255,408171393,138,128,88,2,pin-length-4
0,0.003921568859369,408174429,408174559,130,70,123,0,0.003921568859369,151,408174710,408174865,155,108,109,0,0.003921568859369,175,408175040,408175199,159,107,83,0,0.003921568859369,217,408175416,408175554,138,78,128,2,pin-length-4
0,0.003921568859369,408178640,408178778,138,91,92,0,0.003921568859369,167,408178945,408179109,164,129,101,0,0.003921568859369,201,408179310,408179466,156,109,95,0,0.003921568859369,242,408179708,408179853,145,134,75,2,pin-length-4
0,0.003921568859369,408182796,408182932,136,103,86,0,0.003921568859369,109,408183041,408183205,164,114,108,0,0.003921568859369,216,408183421,408183590,169,55,83,0,0.003921568859369,317,408183907,408184054,147,108,95,2,pin-length-4
0,0.003921568859369,408187621,408187758,137,109,92,0,0.003921568859369,151,408187909,408188055,146,119,132,0,0.003921568859369,183,408188238,408188386,148,104,95,0,0.003921568859369,242,408188628,408188774,146,96,93,2,pin-length-4
0,0.003921568859369,408191745,408191891,146,98,104,0,0.003921568859369,117,408192008,408192165,157,105,104,0,0.003921568859369,158,408192323,408192480,157,92,95,0,0.003921568859369,242,408192722,408192859,137,96,133,2,pin-length-4
0,0.003921568859369,408101713,408101840,127,97,79,0,0.003921568859369,292,408102132,408102259,127,108,111,0,0.003921568859369,242,408102501,408102639,138,118,92,0,0.003921568859369,241,408102880,408102974,94,108,98,2,pin-length-4
0,0.003921568859369,408195889,408196016,127,111,116,0,0.003921568859369,159,408196175,408196321,146,127,100,0,0.003921568859369,184,408196505,408196654,149,83,92,0,0.003921568859369,242,408196896,408197031,135,120,109,2,pin-length-4
0,1,51543371,51543419,48,27,60,0,1,556,51543975,51544073,98,67,37,0,1,372,51544445,51544526,81,60,57,0,1,338,51544864,51544936,72,65,80,2,pin-length-4
0,1,51546926,51547016,90,35,57,0,1,330,51547346,51547452,106,56,63,0,1,230,51547682,51547831,149,82,46,0,1,379,51548210,51548301,91,79,85,2,pin-length-4
0,1,51549427,51549516,89,53,75,0,1,347,51549863,51549969,106,64,72,0,1,263,51550232,51550348,116,63,37,0,1,320,51550668,51550767,99,68,83,2,pin-length-4
0,1,51552832,51552922,90,68,60,0,1,766,51553688,51553793,105,63,66,0,1,281,51554074,51554213,139,63,54,0,1,438,51554651,51554750,99,80,73,2,pin-length-4
0,1,51557135,51557233,98,68,72,0,1,331,51557564,51557686,122,56,104,0,1,330,51558016,51558156,140,53,62,0,1,262,51558418,51558508,90,75,63,2,pin-length-4
0,0.003921568859369,408106139,408106258,119,105,99,0,0.003921568859369,201,408106459,408106578,119,110,94,0,0.003921568859369,243,408106821,408106948,127,101,68,0,0.003921568859369,301,408107249,408107351,102,92,105,2,pin-length-4
0,0.003921568859369,408112217,408112362,145,93,82,0,0.003921568859369,226,408112588,408112733,145,108,113,0,0.003921568859369,209,408112942,408113107,165,113,94,0,0.003921568859369,250,408113357,408113503,146,89,82,2,pin-length-4
0,0.003921568859369,408117805,408117975,170,97,73,0,0.003921568859369,210,408118185,408118330,145,106,89,0,0.003921568859369,201,408118531,408118687,156,110,93,0,0.003921568859369,309,408118996,408119134,138,107,103,2,pin-length-4
0,0.003921568859369,408124057,408124171,114,107,117,0,0.003921568859369,192,408124363,408124535,172,123,73,0,0.003921568859369,209,408124744,408124893,149,98,103,0,0.003921568859369,249,408125142,408125305,163,79,78,2,pin-length-4
0,0.003921568859369,408132664,408132817,153,106,103,0,0.003921568859369,200,408133017,408133165,148,122,108,0,0.003921568859369,208,408133373,408133520,147,78,86,0,0.003921568859369,218,408133738,408133866,128,62,165,2,pin-length-4
0,0.003921568859369,408141202,408141340,138,92,106,0,0.003921568859369,186,408141526,408141672,146,107,106,0,0.003921568859369,176,408141848,408141996,148,113,80,0,0.003921568859369,292,408142288,408142442,154,84,92,2,pin-length-4
0,0.003921568859369,408145805,408145934,129,91,109,0,0.003921568859369,243,408146177,408146332,155,105,85,0,0.003921568859369,192,408146524,408146672,148,104,49,0,0.003921568859369,250,408146922,408147060,138,86,110,2,pin-length-4
0,1,207740898,207741094,196,68,46,0,1,602,207741696,207741841,145,87,86,0,1,493,207742334,207742463,129,91,79,0,1,598,207743061,207743191,130,102,77,3,pin-length-4
0,1,207829931,207830064,133,98,60,0,1,856,207830920,207831069,149,83,76,0,1,579,207831648,207831747,99,92,73,0,1,515,207832262,207832361,99,82,79,3,pin-length-4
0,1,207835063,207835186,123,91,65,0,1,690,207835876,207836008,132,90,65,0,1,522,207836530,207836645,115,98,78,0,1,405,207837050,207837158,108,74,64,3,pin-length-4
0,1,207839885,207839993,108,96,58,0,1,681,207840674,207840789,115,85,71,0,1,498,207841287,207841402,115,96,70,0,1,463,207841865,207841963,98,75,61,3,pin-length-4
0,1,207844743,207844882,139,100,54,0,1,724,207845606,207845721,115,85,72,0,1,539,207846260,207846375,115,92,72,0,1,455,207846830,207846955,125,86,61,3,pin-length-4
0,1,207850262,207850378,116,82,68,0,1,579,207850957,207851065,108,83,81,0,1,522,207851587,207851703,116,103,76,0,1,428,207852131,207852230,99,85,81,3,pin-length-4
0,1,207858556,207858705,149,98,49,0,1,606,207859311,207859460,149,87,79,0,1,481,207859941,207860047,106,91,70,0,1,438,207860485,207860584,99,61,72,3,pin-length-4
0,1,207873966,207874098,132,102,61,0,1,656,207874754,207874869,115,83,63,0,1,657,207875526,207875632,106,82,61,0,1,414,207876046,207876161,115,78,75,3,pin-length-4
0,1,207884719,207884825,106,87,58,0,1,548,207885373,207885472,99,84,78,0,1,479,207885951,207886066,115,93,77,0,1,414,207886480,207886569,89,83,78,3,pin-length-4
0,1,207889147,207889287,140,91,59,0,1,784,207890071,207890193,122,89,64,0,1,431,207890624,207890722,98,91,68,0,1,295,207891017,207891142,125,64,69,3,pin-length-4
0,1,207893777,207893933,156,99,47,0,1,590,207894523,207894638,115,79,78,0,1,380,207895018,207895125,107,103,75,0,1,354,207895479,207895587,108,96,74,3,pin-length-4
0,1,207745627,207745750,123,90,77,0,1,651,207746401,207746506,105,85,81,0,1,927,207747433,207747562,129,96,61,0,1,431,207747993,207748106,113,83,65,3,pin-length-4
0,1,207902199,207902321,122,101,79,0,1,716,207903037,207903136,99,76,79,0,1,455,207903591,207903706,115,93,75,0,1,338,207904044,207904150,106,57,67,3,pin-length-4
0,1,279236586,279237210,624,81,60,0,1,1044,279238254,279238378,124,87,76,0,1,3694,279242072,279242243,171,93,71,0,1,432,279242675,279242898,223,99,76,3,pin-length-4
0,1,279250886,279251133,247,93,65,0,1,910,279252043,279252200,157,87,67,0,1,615,279252815,279252945,130,89,72,0,1,341,279253286,279253391,105,66,74,3,pin-length-4
0,1,279256213,279256344,131,77,54,0,1,749,279257093,279257240,147,90,80,0,1,416,279257656,279257793,137,88,66,0,1,315,279258108,279258213,105,65,82,3,pin-length-4
0,1,279262545,279262702,157,76,67,0,1,733,279263435,279263591,156,94,75,0,1,387,279263978,279264067,89,91,77,0,1,290,279264357,279264470,113,72,80,3,pin-length-4
0,1,279266363,279266483,120,83,57,0,1,667,279267150,279267272,122,92,64,0,1,340,279267612,279267718,106,86,73,0,1,261,279267979,279268077,98,75,67,3,pin-length-4
0,1,207749295,207749414,119,75,57,0,1,526,207749940,207750035,95,76,79,0,1,401,207750436,207750531,95,80,64,0,1,357,207750888,207750991,103,85,69,3,pin-length-4
0,1,207770941,207771105,164,102,51,0,1,1397,207772502,207772641,139,95,85,0,1,682,207773323,207773447,124,94,65,0,1,497,207773944,207774084,140,79,67,3,pin-length-4
0,1,207776175,207776339,164,100,52,0,1,853,207777192,207777312,120,92,74,0,1,491,207777803,207777916,113,90,73,0,1,424,207778340,207778436,96,86,63,3,pin-length-4
0,1,207780713,207780834,121,81,59,0,1,1160,207781994,207782102,108,78,75,0,1,622,207782724,207782830,106,82,75,0,1,465,207783295,207783400,105,76,72,3,pin-length-4
0,1,207787868,207787974,106,81,59,0,1,843,207788817,207788930,113,87,85,0,1,548,207789478,207789592,114,79,69,0,1,483,207790075,207790171,96,70,69,3,pin-length-4
0,1,207795366,207795496,130,98,81,0,1,759,207796255,207796385,130,95,76,0,1,475,207796860,207797006,146,84,73,0,1,390,207797396,207797509,113,62,64,3,pin-length-4
0,1,207821184,207821323,139,94,47,0,1,1102,207822425,207822555,130,93,66,0,1,517,207823072,207823193,121,81,71,0,1,389,207823582,207823696,114,64,52,3,pin-length-4
431372576,1,22841260,22841342,82,88,98,470588288,1,334,22841676,22841777,101,86,102,431372576,1,208,22841985,22842076,91,27,99,549019648,1,303,22842379,22842451,72,105,97,4,pin-length-4
352941184,1,22869181,22869269,88,83,96,431372576,1,134,22869403,22869477,74,136,98,392156864,1,118,22869595,22869686,91,77,97,392156864,1,167,22869853,22869936,83,94,104,4,pin-length-4
509803968,1,22871690,22871770,80,107,84,509803968,1,142,22871912,22872004,92,129,83,392156864,1,133,22872137,22872222,85,81,94,470588288,1,244,22872466,22872544,78,115,105,4,pin-length-4
392156864,1,22874364,22874470,106,90,139,509803968,1,143,22874613,22874704,91,126,79,509803968,1,134,22874838,22874922,84,95,72,470588288,1,166,22875088,22875171,83,108,79,4,pin-length-4
431372576,1,22876781,22876854,73,97,115,470588288,1,152,22877006,22877080,74,132,127,392156864,1,125,22877205,22877288,83,35,99,352941184,1,151,22877439,22877505,66,74,117,4,pin-length-4
392156864,1,22879232,22879330,98,88,81,509803968,1,126,22879456,22879505,49,81,94,509803968,1,151,22879656,22879747,91,143,138,431372576,1,60,22879807,22879907,100,93,101,4,pin-length-4
274509824,1,22881350,22881406,56,92,89,627451008,1,159,22881565,22881614,49,36,90,352941184,1,151,22881765,22881797,32,10,152,313725504,1,2306,22884103,22884198,95,91,80,4,pin-length-4
392156864,1,22886675,22886767,92,91,97,549019648,1,117,22886884,22886958,74,137,76,431372576,1,117,22887075,22887149,74,109,95,392156864,1,143,22887292,22887358,66,72,102,4,pin-length-4
431372576,1,22889321,22889417,96,99,91,470588288,1,135,22889552,22889617,65,109,120,549019648,1,126,22889743,22889826,83,87,69,431372576,1,159,22889985,22890059,74,83,107,4,pin-length-4
431372576,1,22892112,22892184,72,77,77,588235328,1,143,22892327,22892411,84,101,109,588235328,1,110,22892521,22892601,80,58,146,431372576,1,184,22892785,22892860,75,154,117,4,pin-length-4
392156864,1,22894720,22894819,99,94,103,627451008,1,109,22894928,22895019,91,106,136,627451008,1,126,22895145,22895237,92,72,111,431372576,1,200,22895437,22895502,65,118,100,4,pin-length-4
392156864,1,22849448,22849496,48,148,52,431372576,1,151,22849647,22849746,99,85,103,549019648,1,142,22849888,22849972,84,75,78,470588288,1,218,22850190,22850287,97,133,112,4,pin-length-4
78431376,1,22897253,22897278,25,56,75,470588288,1,118,22897396,22897478,82,63,83,392156864,1,126,22897604,22897678,74,72,120,509803968,1,168,22897846,22897911,65,116,78,4,pin-length-4
431372576,1,3125336,3125425,89,57,72,392156864,1,83,3125508,3125599,91,8,73,352941184,1,103,3125702,3125792,90,75,75,509803968,1,151,3125943,3126026,83,47,71,4,pin-length-4
392156864,1,3127229,3127335,106,116,77,274509824,1,83,3127418,3127510,92,54,79,392156864,1,109,3127619,3127701,82,92,68,352941184,1,160,3127861,3127952,91,115,103,4,pin-length-4
352941184,1,3128553,3128634,81,45,138,352941184,1,125,3128759,3128835,76,75,100,352941184,1,108,3128943,3129027,84,97,90,431372576,1,201,3129228,3129311,83,18,152,4,pin-length-4
392156864,1,3130167,3130252,85,95,106,392156864,1,109,3130361,3130434,73,89,92,392156864,1,102,3130536,3130643,107,148,96,470588288,1,168,3130811,3130894,83,61,68,4,pin-length-4
392156864,1,3134689,3134778,89,91,16,431372576,1,135,3134913,3134986,73,143,97,352941184,1,85,3135071,3135179,108,159,71,392156864,1,134,3135313,3135403,90,124,34,4,pin-length-4
78431376,1,22852415,22852438,23,53,104,392156864,1,109,22852547,22852638,91,94,108,392156864,1,110,22852748,22852830,82,70,101,431372576,1,151,22852981,22853055,74,110,69,4,pin-length-4
392156864,1,22854673,22854756,83,111,100,392156864,1,151,22854907,22854981,74,81,110,431372576,1,134,22855115,22855200,85,47,107,509803968,1,174,22855374,22855448,74,117,92,4,pin-length-4
470588288,1,22857327,22857415,88,94,84,392156864,1,134,22857549,22857623,74,101,104,392156864,1,126,22857749,22857841,92,72,110,470588288,1,167,22858008,22858091,83,96,86,4,pin-length-4
431372576,1,22859750,22859833,83,85,83,392156864,1,142,22859975,22860057,82,101,100,392156864,1,110,22860167,22860257,90,68,99,431372576,1,160,22860417,22860502,85,102,66,4,pin-length-4
470588288,1,22861984,22862074,90,124,46,509803968,1,144,22862218,22862301,83,117,55,431372576,1,141,22862442,22862524,82,23,148,509803968,1,177,22862701,22862767,66,120,91,4,pin-length-4
470588288,1,22864294,22864392,98,95,81,509803968,1,213,22864605,22864700,95,140,100,549019648,1,176,22864876,22864969,93,55,86,392156864,1,224,22865193,22865284,91,91,117,4,pin-length-4
431372576,1,22866494,22866585,91,107,114,470588288,1,192,22866777,22866868,91,123,105,431372576,1,142,22867010,22867104,94,47,99,470588288,1,190,22867294,22867368,74,85,89,4,pin-length-4
0,1,7061757,7061888,131,67.9370956420898,84.5689697265625,0,1,1047,7062935,7063069,134,81.2581176757812,100.360717773438,0,1,121,7063190,7063281,91,87.2525634765625,91.3653564453125,0,1,1246,7064527,7064671,144,113.894546508789,102.359619140625,7,pin-length-4
0,1,7108650,7108740,90,72.9324722290039,78.5720825195313,0,1,397,7109137,7109244,107,70.2682495117188,99.3612060546875,0,1,66,7109310,7109424,114,78.2608642578125,103.359130859375,0,1,586,7110010,7110097,87,69.9352416992187,74.374267578125,7,pin-length-4
0,1,7112775,7112870,95,108.899169921875,77.5725708007812,0,1,408,7113278,7113399,121,79.2599487304688,85.3685302734375,0,1,66,7113465,7113580,115,79.2599487304688,104.358642578125,0,1,449,7114029,7114151,122,94.9121170043945,113.35400390625,7,pin-length-4
0,1,7116244,7116341,97,67.9370956420898,111.554870605469,0,1,309,7116650,7116758,108,66.27197265625,120.350341796875,0,1,111,7116869,7116983,114,82.2572021484375,125.34765625,0,1,564,7117547,7117658,111,107.900093078613,56.3836669921875,7,pin-length-4
0,1,7121568,7121666,98,72.9324722290039,73.57470703125,0,1,644,7122310,7122431,121,70.2682495117188,102.359619140625,0,1,101,7122532,7122622,90,58.2793579101562,100.360717773438,0,1,419,7123041,7123149,108,99.9074935913086,112.3544921875,7,pin-length-4
0,1,7125263,7125351,88,86.9195175170898,91.5653076171875,0,1,397,7125748,7125834,86,62.2756958007813,108.356567382813,0,1,102,7125936,7126014,78,70.2682495117188,109.356079101563,0,1,654,7126668,7126779,111,102.904716491699,94.3638916015625,7,pin-length-4
0,1,7129072,7129171,99,67.9370956420898,78.5720825195313,0,1,510,7129681,7129777,96,67.2710571289062,110.35546875,0,1,79,7129856,7129958,102,65.2728881835938,105.358154296875,0,1,485,7130443,7130564,121,118.889915466309,89.366455078125,7,pin-length-4
0,1,7132915,7133013,98,75.9296951293945,73.57470703125,0,1,443,7133456,7133564,108,79.2599487304688,113.35400390625,0,1,101,7133665,7133734,69,77.2617797851563,100.360717773438,0,1,521,7134255,7134362,107,90.9158172607422,143.33837890625,7,pin-length-4
0,1,7136657,7136767,110,65.9389495849609,74.5741577148438,0,1,543,7137310,7137419,109,71.267333984375,103.359130859375,0,1,115,7137534,7137610,76,72.2664184570313,96.36279296875,0,1,497,7138107,7138228,121,94.9121170043945,72.375244140625,7,pin-length-4
0,1,7140388,7140498,110,72.9324722290039,80.571044921875,0,1,456,7140954,7141072,118,79.2599487304688,123.348754882813,0,1,66,7141138,7141264,126,73.2655029296875,95.36328125,0,1,223,7141487,7141579,92,101.905639648438,74.374267578125,7,pin-length-4
0,1,7143779,7143867,88,96.910270690918,75.5736694335937,0,1,567,7144434,7144530,96,93.2470092773437,127.3466796875,0,1,91,7144621,7144699,78,94.24609375,102.359619140625,0,1,236,7144935,7145035,100,92.9139709472656,113.35400390625,7,pin-length-4
0,1,7074754,7074898,144,53.9500465393066,93.5642700195313,0,1,659,7075557,7075692,135,98.2423706054687,113.35400390625,0,1,77,7075769,7075871,102,84.2553100585937,110.35546875,0,1,339,7076210,7076321,111,97.9093475341797,110.35546875,7,pin-length-4
0,1,7147283,7147394,111,112.895469665527,104.558532714844,0,1,510,7147904,7148011,107,54.2830810546875,143.33837890625,0,1,90,7148101,7148192,91,60.2775268554688,103.359130859375,0,1,474,7148666,7148811,145,134.875122070313,88.366943359375,7,pin-length-4
0,1,7151545,7151640,95,92.9139709472656,78.5720825195313,0,1,463,7152103,7152214,111,73.2655029296875,117.351928710938,0,1,78,7152292,7152394,102,78.2608642578125,110.35546875,0,1,429,7152823,7152899,76,85.9204406738281,117.351928710938,7,pin-length-4
0,1,3593497,3593597,100,123.785385131836,112.553833007813,0,1,1810,3595407,3595505,98,105.202575683594,107.356567382813,0,1,179,3595684,3595788,104,106.20166015625,108.356079101563,0,1,531,3596319,3596390,71,103.803894042969,126.3466796875,7,pin-length-4
0,1,3597842,3597916,74,123.785385131836,96.5621948242188,0,1,653,3598569,3598646,77,91.215576171875,111.3544921875,0,1,100,3598746,3598827,81,106.20166015625,94.36328125,0,1,133,3598960,3599050,90,115.792785644531,143.337768554688,7,pin-length-4
0,1,3599964,3600061,97,105.802032470703,93.563720703125,0,1,609,3600670,3600782,112,101.206298828125,119.350341796875,0,1,63,3600845,3600936,91,117.191467285156,106.357055664063,0,1,190,3601126,3601219,93,72.8325653076172,169.32421875,7,pin-length-4
0,1,3602859,3602933,74,128.78076171875,54.5840454101563,0,1,561,3603494,3603573,79,109.198913574219,90.3653564453125,0,1,102,3603675,3603752,77,109.198913574219,97.36181640625,0,1,180,3603932,3604023,91,123.785385131836,176.320678710938,7,pin-length-4
0,1,7081402,7081509,107,46.9565200805664,131.544494628906,0,1,517,7082026,7082150,124,93.2470092773437,85.3685302734375,0,1,66,7082216,7082317,101,97.2432861328125,102.359619140625,0,1,192,7082509,7082598,89,109.898239135742,134.343017578125,7,pin-length-4
0,1,7084993,7085115,122,35.9666976928711,79.571533203125,0,1,685,7085800,7085933,133,72.2664184570313,118.351318359375,0,1,56,7085989,7086104,115,86.2534790039063,83.36962890625,0,1,538,7086642,7086740,98,101.905639648438,134.343017578125,7,pin-length-4
0,1,7089076,7089165,89,69.9352416992187,83.5694580078125,0,1,464,7089629,7089761,132,77.2617797851563,85.3685302734375,0,1,78,7089839,7089941,102,76.2626953125,74.374267578125,0,1,374,7090315,7090378,63,124.884368896484,105.358154296875,7,pin-length-4
0,1,7092827,7092927,100,51.9518966674805,84.5689697265625,0,1,554,7093481,7093602,121,86.2534790039063,95.36328125,0,1,76,7093678,7093781,103,93.2470092773437,75.373779296875,0,1,505,7094286,7094385,99,109.898239135742,94.3638916015625,7,pin-length-4
0,1,7096882,7097003,121,51.9518966674805,122.549194335938,0,1,530,7097533,7097631,98,86.2534790039063,96.36279296875,0,1,90,7097721,7097824,103,92.2479248046875,96.36279296875,0,1,438,7098262,7098360,98,91.9148941040039,72.375244140625,7,pin-length-4
0,1,7100776,7100914,138,58.9454193115234,97.5621948242187,0,1,540,7101454,7101566,112,67.2710571289062,102.359619140625,0,1,74,7101640,7101755,115,73.2655029296875,90.365966796875,0,1,505,7102260,7102337,77,97.9093475341797,75.373779296875,7,pin-length-4
0,1,7104730,7104843,113,99.9074935913086,140.539794921875,0,1,542,7105385,7105496,111,82.2572021484375,104.358642578125,0,1,76,7105572,7105674,102,87.2525634765625,105.358154296875,0,1,394,7106068,7106179,111,127.881591796875,93.3643798828125,7,pin-length-4
0,1,326110118,326110196,78,122,52,0,1,263,326110459,326110504,45,129,97,0,1,237,326110741,326110796,55,104,108,0,1,348,326111144,326111180,36,114,137,8,pin-length-4
0,1,326171026,326171040,14,95,103,0,1,279,326171319,326171348,29,80,87,0,1,269,326171617,326171649,32,108,92,0,1,470,326172119,326172148,29,137,22,8,pin-length-4
0,1,326184149,326184202,53,80,178,0,1,263,326184465,326184502,37,93,99,0,1,273,326184775,326184827,52,41,76,0,1,428,326185255,326185277,22,79,154,8,pin-length-4
0,1,326193658,326193713,55,120,69,0,1,330,326194043,326194080,37,96,116,0,1,260,326194340,326194372,32,92,108,0,1,411,326194783,326194814,31,106,153,8,pin-length-4
0,1,326201611,326201683,72,103,114,0,1,235,326201918,326201983,65,123,78,0,1,296,326202279,326202316,37,103,71,0,1,553,326202869,326202909,40,115,113,8,pin-length-4
0,1,326210421,326210460,39,96,53,0,1,295,326210755,326210794,39,106,106,0,1,243,326211037,326211070,33,152,42,0,1,345,326211415,326211443,28,142,69,8,pin-length-4
0,1,326229394,326229466,72,67,120,0,1,613,326230079,326230158,79,49,92,0,1,454,326230612,326230684,72,68,62,0,1,811,326231495,326231576,81,90,154,8,pin-length-4
0,1,326238124,326238177,53,111,80,0,1,236,326238413,326238452,39,59,84,0,1,194,326238646,326238711,65,15,83,0,1,428,326239139,326239161,22,121,109,8,pin-length-4
0,1,326243524,326243571,47,92,80,0,1,192,326243763,326243820,57,93,146,0,1,185,326244005,326244050,45,70,115,0,1,274,326244324,326244354,30,80,173,8,pin-length-4
0,1,326248502,326248509,7,62,89,0,1,251,326248760,326248775,15,91,113,0,1,258,326249033,326249088,55,108,64,0,1,377,326249465,326249505,40,118,53,8,pin-length-4
0,1,326253802,326253848,46,138,104,0,1,203,326254051,326254098,47,126,140,0,1,160,326254258,326254315,57,118,85,0,1,407,326254722,326254741,19,127,55,8,pin-length-4
0,1,326118537,326118591,54,108,120,0,1,212,326118803,326118832,29,115,147,0,1,180,326119012,326119057,45,122,132,0,1,294,326119351,326119374,23,150,139,8,pin-length-4
0,1,326265222,326265236,14,70,103,0,1,136,326265372,326265427,55,99,81,0,1,152,326265579,326265644,65,145,104,0,1,343,326265987,326265994,7,70,48,8,pin-length-4
0,1,121035571,121035618,47,92,91,0,1,85,121035703,121035769,66,86,93,0,1,126,121035895,121035936,41,131,85,0,1,101,121036037,121036052,15,66,86,8,pin-length-4
0,1,121037147,121037169,22,67,129,0,1,76,121037245,121037286,41,79,93,0,1,153,121037439,121037452,13,68,103,0,1,85,121037537,121037571,34,91,116,8,pin-length-4
0,1,121038371,121038403,32,109,74,0,1,101,121038504,121038546,42,76,109,0,1,130,121038676,121038703,27,59,101,0,1,76,121038779,121038820,41,105,56,8,pin-length-4
0,1,121039665,121039718,53,112,118,0,1,78,121039796,121039812,16,114,108,0,1,175,121039987,121040022,35,116,82,0,1,71,121040093,121040129,36,110,70,8,pin-length-4
0,1,121042373,121042413,40,86,104,0,1,37,121042450,121042514,64,73,141,0,1,125,121042639,121042704,65,107,134,0,1,43,121042747,121042779,32,80,85,8,pin-length-4
0,1,326126421,326126476,55,102,130,0,1,227,326126703,326126751,48,127,95,0,1,227,326126978,326127022,44,100,96,0,1,375,326127397,326127427,30,87,134,8,pin-length-4
0,1,326131826,326131861,35,114,123,0,1,194,326132055,326132103,48,110,66,0,1,177,326132280,326132328,48,77,76,0,1,377,326132705,326132712,7,63,136,8,pin-length-4
0,1,326137056,326137096,40,84,95,0,1,270,326137366,326137404,38,90,123,0,1,287,326137691,326137721,30,109,83,0,1,454,326138175,326138205,30,89,119,8,pin-length-4
0,1,326143794,326143840,46,116,100,0,1,235,326144075,326144115,40,106,83,0,1,236,326144351,326144407,56,89,105,0,1,436,326144843,326144882,39,132,114,8,pin-length-4
0,1,326153537,326153584,47,134,91,0,1,227,326153811,326153877,66,124,107,0,1,243,326154120,326154160,40,106,51,0,1,354,326154514,326154545,31,109,96,8,pin-length-4
0,1,326160022,326160061,39,128,88,0,1,194,326160255,326160295,40,63,75,0,1,194,326160489,326160495,6,30,59,0,1,369,326160864,326160878,14,88,73,8,pin-length-4
0,1,326164873,326164914,41,97,140,0,1,225,326165139,326165180,41,139,119,0,1,234,326165414,326165463,49,114,74,0,1,429,326165892,326165905,13,82,158,8,pin-length-4
0,0.003921568859369,429215385,429215532,147,143,146,0,0.003921568859369,2388,429217920,429218076,156,117,128,0,0.003921568859369,2126,429220202,429220368,166,105,146,0,0.003921568859369,558,429220926,429221092,166,119,148,11,pin-length-4
0,0.003921568859369,429319423,429319721,298,129,129,0,0.003921568859369,775,429320496,429320767,271,122,136,0,0.003921568859369,950,429321717,429322007,290,130,119,0,0.003921568859369,601,429322608,429322889,281,124,132,11,pin-length-4
0,0.003921568859369,429329407,429329713,306,119,131,0,0.003921568859369,1015,429330728,429331086,358,113,140,0,0.003921568859369,959,429332045,429332309,264,141,108,0,0.003921568859369,591,429332900,429333155,255,124,129,11,pin-length-4
0,0.003921568859369,429340265,429340616,351,133,121,0,0.003921568859369,977,429341593,429341917,324,114,144,0,0.003921568859369,916,429342833,429343125,292,123,122,0,0.003921568859369,617,429343742,429344040,298,126,141,11,pin-length-4
0,0.003921568859369,429350517,429350825,308,105,136,0,0.003921568859369,868,429351693,429352017,324,128,129,0,0.003921568859369,791,429352808,429353082,274,138,128,0,0.003921568859369,549,429353631,429353876,245,121,127,11,pin-length-4
0,0.003921568859369,429361377,429361754,377,125,127,0,0.003921568859369,732,429362486,429362784,298,118,129,0,0.003921568859369,866,429363650,429363941,291,130,119,0,0.003921568859369,576,429364517,429364789,272,136,123,11,pin-length-4
0,0.003921568859369,429370824,429371166,342,101,137,0,0.003921568859369,667,429371833,429372122,289,128,129,0,0.003921568859369,658,429372780,429373065,285,144,126,0,0.003921568859369,467,429373532,429373811,279,111,126,11,pin-length-4
0,0.003921568859369,429379799,429380151,352,123,125,0,0.003921568859369,725,429380876,429381174,298,135,136,0,0.003921568859369,743,429381917,429382199,282,131,128,0,0.003921568859369,500,429382699,429382988,289,119,117,11,pin-length-4
0,0.003921568859369,429388992,429389308,316,132,114,0,0.003921568859369,650,429389958,429390255,297,114,141,0,0.003921568859369,892,429391147,429391465,318,140,134,0,0.003921568859369,492,429391957,429392237,280,121,131,11,pin-length-4
0,0.003921568859369,429398707,429399067,360,133,112,0,0.003921568859369,676,429399743,429400076,333,125,148,0,0.003921568859369,1108,429401184,429401520,336,142,120,0,0.003921568859369,467,429401987,429402276,289,99,121,11,pin-length-4
0,0.003921568859369,429408053,429408467,414,152,124,0,0.003921568859369,799,429409266,429409591,325,118,154,0,0.003921568859369,660,429410251,429410506,255,118,121,0,0.003921568859369,467,429410973,429411245,272,121,115,11,pin-length-4
0,0.003921568859369,429231308,429231517,209,118,133,0,0.003921568859369,1158,429232675,429232903,228,120,142,0,0.003921568859369,1447,429234350,429234545,195,137,139,0,0.003921568859369,574,429235119,429235355,236,128,149,11,pin-length-4
0,0.003921568859369,429417168,429417530,362,114,113,0,0.003921568859369,641,429418171,429418469,298,116,141,0,0.003921568859369,635,429419104,429419378,274,135,116,0,0.003921568859369,441,429419819,429420082,263,114,128,11,pin-length-4
0,0.003921568859369,19184521,19184640,119,101,102,0,0.003921568859369,3137,19187777,19187889,112,87,100,0,0.003921568859369,1314,19189203,19189323,120,94,120,0,0.003921568859369,1117,19190440,19190571,131,81,118,11,pin-length-4
0,0.003921568859369,19194042,19194180,138,120,77,0,0.003921568859369,1408,19195588,19195704,116,95,108,0,0.003921568859369,1349,19197053,19197201,148,91,117,0,0.003921568859369,917,19198118,19198257,139,84,117,11,pin-length-4
0,0.003921568859369,19202522,19202666,144,96,108,0,0.003921568859369,1708,19204374,19204522,148,128,127,0,0.003921568859369,1685,19206207,19206329,122,96,115,0,0.003921568859369,1001,19207330,19207486,156,107,118,11,pin-length-4
0,0.003921568859369,19212368,19212513,145,89,116,0,0.003921568859369,1807,19214320,19214469,149,96,120,0,0.003921568859369,1100,19215569,19215726,157,105,112,0,0.003921568859369,833,19216559,19216743,184,118,107,11,pin-length-4
0,0.003921568859369,19220644,19220789,145,104,130,0,0.003921568859369,1293,19222082,19222229,147,114,113,0,0.003921568859369,1126,19223355,19223521,166,104,100,0,0.003921568859369,285,19223806,19223965,159,125,118,11,pin-length-4
0,0.003921568859369,429243082,429243301,219,135,121,0,0.003921568859369,1106,429244407,429244653,246,135,135,0,0.003921568859369,1347,429246000,429246245,245,149,133,0,0.003921568859369,558,429246803,429247022,219,125,129,11,pin-length-4
0,0.003921568859369,429254035,429254254,219,119,138,0,0.003921568859369,881,429255135,429255400,265,113,133,0,0.003921568859369,1551,429256951,429257163,212,111,130,0,0.003921568859369,724,429257887,429258105,218,147,135,11,pin-length-4
0,0.003921568859369,429265829,429266075,246,140,145,0,0.003921568859369,915,429266990,429267225,235,121,134,0,0.003921568859369,883,429268108,429268346,238,137,123,0,0.003921568859369,575,429268921,429269175,254,114,129,11,pin-length-4
0,0.003921568859369,429277144,429277405,261,139,148,0,0.003921568859369,1065,429278470,429278718,248,114,136,0,0.003921568859369,875,429279593,429279835,242,130,129,0,0.003921568859369,634,429280469,429280687,218,118,136,11,pin-length-4
0,0.003921568859369,429287608,429287880,272,116,134,0,0.003921568859369,991,429288871,429289107,236,130,141,0,0.003921568859369,1512,429290619,429290866,247,125,128,0,0.003921568859369,667,429291533,429291751,218,123,143,11,pin-length-4
0,0.003921568859369,429298454,429298754,300,118,136,0,0.003921568859369,773,429299527,429299801,274,127,134,0,0.003921568859369,974,429300775,429301033,258,123,135,0,0.003921568859369,635,429301668,429301904,236,126,145,11,pin-length-4
0,0.003921568859369,429308775,429309092,317,124,129,0,0.003921568859369,757,429309849,429310165,316,128,135,0,0.003921568859369,1778,429311943,429312217,274,132,123,0,0.003921568859369,741,429312958,429313238,280,127,132,11,pin-length-4
0,1,414516704,414516760,56,69,121,0,1,210,414516970,414517035,65,81,67,0,1,310,414517345,414517402,57,100,103,0,1,93,414517495,414517562,67,93,136,12,pin-length-4
0,1,414579548,414579629,81,77,124,0,1,210,414579839,414579887,48,81,110,0,1,302,414580189,414580271,82,67,70,0,1,94,414580365,414580446,81,84,125,12,pin-length-4
0,1,414585624,414585706,82,104,123,0,1,143,414585849,414585899,50,87,53,0,1,267,414586166,414586256,90,81,110,0,1,78,414586334,414586406,72,97,153,12,pin-length-4
0,1,414592193,414592267,74,73,127,0,1,159,414592426,414592517,91,108,88,0,1,268,414592785,414592875,90,69,80,0,1,93,414592968,414593034,66,66,98,12,pin-length-4
0,1,414598903,414598977,74,96,105,0,1,184,414599161,414599210,49,95,97,0,1,285,414599495,414599560,65,71,83,0,1,102,414599662,414599736,74,76,118,12,pin-length-4
0,1,414605706,414605796,90,70,128,0,1,176,414605972,414606055,83,116,135,0,1,267,414606322,414606404,82,58,74,0,1,76,414606480,414606571,91,81,114,12,pin-length-4
0,1,414611833,414611914,81,80,124,0,1,151,414612065,414612132,67,99,99,0,1,251,414612383,414612473,90,47,76,0,1,92,414612565,414612640,75,74,112,12,pin-length-4
0,1,414618101,414618175,74,80,119,0,1,184,414618359,414618442,83,101,95,0,1,359,414618801,414618891,90,68,90,0,1,102,414618993,414619066,73,76,104,12,pin-length-4
0,1,414624311,414624402,91,50,133,0,1,150,414624552,414624644,92,138,109,0,1,251,414624895,414624985,90,80,80,0,1,77,414625062,414625151,89,78,85,12,pin-length-4
0,1,414630430,414630511,81,81,114,0,1,169,414630680,414630746,66,111,70,0,1,301,414631047,414631146,99,79,86,0,1,75,414631221,414631304,83,75,127,12,pin-length-4
0,1,414636199,414636272,73,71,93,0,1,193,414636465,414636547,82,75,73,0,1,268,414636815,414636897,82,92,93,0,1,85,414636982,414637047,65,115,128,12,pin-length-4
0,1,414525673,414525713,40,101,104,0,1,302,414526015,414526089,74,87,90,0,1,326,414526415,414526497,82,113,89,0,1,101,414526598,414526672,74,96,123,12,pin-length-4
0,1,414642135,414642182,47,88,129,0,1,159,414642341,414642391,50,135,103,0,1,276,414642667,414642740,73,106,99,0,1,102,414642842,414642916,74,100,82,12,pin-length-4
0,1,41200203,41200252,49,70,123,0,1,227,41200479,41200536,57,76,101,0,1,292,41200828,41200877,49,82,112,0,1,293,41201170,41201210,40,81,99,12,pin-length-4
0,1,41202136,41202178,42,107,104,0,1,200,41202378,41202452,74,105,42,0,1,286,41202738,41202778,40,120,135,0,1,118,41202896,41202946,50,134,116,12,pin-length-4
0,1,41203847,41203904,57,96,79,0,1,158,41204062,41204113,51,96,50,0,1,217,41204330,41204379,49,103,90,0,1,94,41204473,41204531,58,101,76,12,pin-length-4
0,1,41205304,41205353,49,96,84,0,1,151,41205504,41205561,57,104,117,0,1,218,41205779,41205845,66,105,109,0,1,103,41205948,41205996,48,99,96,12,pin-length-4
0,1,41206730,41206771,41,84,77,0,1,152,41206923,41206987,64,95,75,0,1,259,41207246,41207287,41,118,89,0,1,110,41207397,41207438,41,114,111,12,pin-length-4
0,1,414533325,414533382,57,77,82,0,1,310,414533692,414533766,74,93,99,0,1,251,414534017,414534091,74,94,99,0,1,93,414534184,414534250,66,110,150,12,pin-length-4
0,1,414540194,414540309,115,79,151,0,1,260,414540569,414540634,65,112,91,0,1,261,414540895,414540968,73,85,142,0,1,92,414541060,414541109,49,97,159,12,pin-length-4
0,1,414547479,414547512,33,100,109,0,1,317,414547829,414547903,74,104,98,0,1,277,414548180,414548220,40,68,81,0,1,134,414548354,414548387,33,119,86,12,pin-length-4
0,1,414553806,414553855,49,85,116,0,1,218,414554073,414554147,74,111,142,0,1,259,414554406,414554496,90,83,72,0,1,77,414554573,414554656,83,104,119,12,pin-length-4
0,1,414559892,414559948,56,94,80,0,1,235,414560183,414560266,83,101,103,0,1,284,414560550,414560624,74,76,68,0,1,92,414560716,414560783,67,99,98,12,pin-length-4
0,1,414566135,414566209,74,63,113,0,1,184,414566393,414566443,50,72,86,0,1,309,414566752,414566833,81,68,60,0,1,85,414566918,414566994,76,81,122,12,pin-length-4
0,1,414572304,414572394,90,76,119,0,1,176,414572570,414572638,68,99,87,0,1,299,414572937,414573019,82,92,62,0,1,94,414573113,414573186,73,96,115,12,pin-length-4
0,1,83803448,83803573,125,89,110,0,1,165,83803738,83803878,140,105,89,0,1,230,83804108,83804222,114,82,83,0,1,418,83804640,83804772,132,162,68,15,pin-length-4
0,1,83897519,83897590,71,63,125,0,1,135,83897725,83897824,99,59,96,0,1,146,83897970,83898032,62,130,122,0,1,202,83898234,83898358,124,171,149,15,pin-length-4
0,1,83911363,83911499,136,69,81,0,1,436,83911935,83912062,127,77,118,0,1,269,83912331,83912462,131,87,58,0,1,363,83912825,83912954,129,147,69,15,pin-length-4
0,1,83930554,83930633,79,93,86,0,1,121,83930754,83930833,79,83,55,0,1,145,83930978,83931050,72,108,73,0,1,10322,83941372,83941465,93,87,93,15,pin-length-4
0,1,83949875,83949957,82,98,114,0,1,150,83950107,83950199,92,98,105,0,1,160,83950359,83950464,105,118,60,0,1,211,83950675,83950799,124,121,105,15,pin-length-4
0,1,83960244,83960334,90,86,123,0,1,185,83960519,83960643,124,82,77,0,1,192,83960835,83960939,104,103,81,0,1,222,83961161,83961276,115,156,52,15,pin-length-4
0,1,83976087,83976231,144,106,90,0,1,152,83976383,83976498,115,104,87,0,1,193,83976691,83976839,148,128,30,0,1,348,83977187,83977326,139,163,43,15,pin-length-4
0,1,83985495,83985592,97,73,97,0,1,160,83985752,83985854,102,62,98,0,1,140,83985994,83986103,109,62,100,0,1,1359,83987462,83987587,125,107,115,15,pin-length-4
0,1,84002729,84002832,103,58,71,0,1,149,84002981,84003115,134,62,56,0,1,160,84003275,84003373,98,83,118,0,1,1150,84004523,84004606,83,83,76,15,pin-length-4
0,1,84013430,84013546,116,95,73,0,1,239,84013785,84013913,128,84,72,0,1,299,84014212,84014346,134,87,111,0,1,564,84014910,84014917,7,56,68,15,pin-length-4
0,1,84022863,84022970,107,112,118,0,1,131,84023101,84023205,104,80,49,0,1,176,84023381,84023506,125,98,69,0,1,252,84023758,84023915,157,152,37,15,pin-length-4
0,1,83811594,83811756,162,95,93,0,1,129,83811885,83811984,99,92,69,0,1,116,83812100,83812199,99,58,109,0,1,149,83812348,83812458,110,141,130,15,pin-length-4
0,1,84032255,84032399,144,113,111,0,1,142,84032541,84032701,160,109,75,0,1,157,84032858,84033014,156,52,78,0,1,245,84033259,84033390,131,109,71,15,pin-length-4
0,1,156013405,156013516,111,88,74,0,1,101,156013617,156013708,91,96,57,0,1,151,156013859,156013967,108,117,83,0,1,168,156014135,156014241,106,93,57,15,pin-length-4
0,1,156016155,156016243,88,96,73,0,1,110,156016353,156016458,105,102,53,0,1,110,156016568,156016684,116,58,113,0,1,152,156016836,156016925,89,55,87,15,pin-length-4
0,1,156017863,156017942,79,107,88,0,1,105,156018047,156018118,71,70,74,0,1,117,156018235,156018326,91,65,118,0,1,143,156018469,156018526,57,82,75,15,pin-length-4
0,1,156020639,156020702,63,103,90,0,1,102,156020804,156020877,73,87,84,0,1,118,156020995,156021077,82,66,109,0,1,119,156021196,156021260,64,98,92,15,pin-length-4
0,1,156023696,156023778,82,89,119,0,1,104,156023882,156023953,71,105,70,0,1,110,156024063,156024179,116,26,134,0,1,134,156024313,156024386,73,31,112,15,pin-length-4
0,1,83830929,83831012,83,97,125,0,1,83,83831095,83831202,107,95,46,0,1,119,83831321,83831413,92,72,83,0,1,141,83831554,83831654,100,157,69,15,pin-length-4
0,1,83838607,83838773,166,101,113,0,1,294,83839067,83839282,215,79,79,0,1,347,83839629,83839792,163,73,73,0,1,544,83840336,83840527,191,174,105,15,pin-length-4
0,1,83851544,83851617,73,88,111,0,1,93,83851710,83851784,74,59,33,0,1,135,83851919,83852009,90,1,159,0,1,136,83852145,83852218,73,119,98,15,pin-length-4
0,1,83859533,83859587,54,101,89,0,1,117,83859704,83859753,49,100,97,0,1,127,83859880,83859945,65,57,118,0,1,126,83860071,83860163,92,146,88,15,pin-length-4
0,1,83866868,83866922,54,91,107,0,1,109,83867031,83867097,66,94,57,0,1,128,83867225,83867281,56,99,124,0,1,134,83867415,83867498,83,114,77,15,pin-length-4
0,1,83874848,83875000,152,107,139,0,1,478,83875478,83875676,198,112,119,0,1,516,83876192,83876317,125,172,84,0,1,586,83876903,83877058,155,98,99,15,pin-length-4
0,1,83886833,83886920,87,135,108,0,1,111,83887031,83887137,106,90,97,0,1,136,83887273,83887366,93,107,47,0,1,164,83887530,83887655,125,141,128,15,pin-length-4
0,0.003921568859369,44096029,44096085,56,72,66,0,0.003921568859369,739,44096824,44096878,54,65,65,0,0.003921568859369,1244,44098122,44098209,87,57,86,0,0.003921568859369,196,44098405,44098472,67,114,82,16,pin-length-4
0,0.003921568859369,44382810,44382896,86,79,72,0,0.003921568859369,226,44383122,44383199,77,96,74,0,0.003921568859369,187,44383386,44383463,77,75,62,0,0.003921568859369,171,44383634,44383689,55,84,80,16,pin-length-4
0,0.003921568859369,44406332,44406398,66,67,59,0,0.003921568859369,189,44406587,44406652,65,98,80,0,0.003921568859369,168,44406820,44406917,97,62,103,0,0.003921568859369,149,44407066,44407132,66,98,96,16,pin-length-4
0,0.003921568859369,44426850,44426926,76,72,78,0,0.003921568859369,426,44427352,44427435,83,74,72,0,0.003921568859369,187,44427622,44427699,77,76,81,0,0.003921568859369,169,44427868,44427923,55,48,101,16,pin-length-4
0,0.003921568859369,44449345,44449402,57,68,77,0,0.003921568859369,256,44449658,44449725,67,74,64,0,0.003921568859369,206,44449931,44450008,77,69,85,0,0.003921568859369,188,44450196,44450253,57,59,89,16,pin-length-4
0,0.003921568859369,44464679,44464763,84,81,72,0,0.003921568859369,237,44465000,44465096,96,63,79,0,0.003921568859369,187,44465283,44465419,136,66,105,0,0.003921568859369,158,44465577,44465644,67,75,114,16,pin-length-4
0,0.003921568859369,44481729,44481815,86,61,58,0,0.003921568859369,239,44482054,44482139,85,48,53,0,0.003921568859369,209,44482348,44482412,64,67,60,0,0.003921568859369,169,44482581,44482638,57,43,88,16,pin-length-4
0,0.003921568859369,44493747,44493843,96,82,54,0,0.003921568859369,230,44494073,44494166,93,80,66,0,0.003921568859369,188,44494354,44494432,78,74,63,0,0.003921568859369,198,44494630,44494687,57,84,79,16,pin-length-4
0,0.003921568859369,44512046,44512131,85,71,71,0,0.003921568859369,357,44512488,44512581,93,93,72,0,0.003921568859369,201,44512782,44512875,93,61,91,0,0.003921568859369,187,44513062,44513119,57,73,104,16,pin-length-4
0,0.003921568859369,44546829,44546906,77,70,69,0,0.003921568859369,228,44547134,44547210,76,62,66,0,0.003921568859369,237,44547447,44547533,86,69,64,0,0.003921568859369,168,44547701,44547758,57,92,95,16,pin-length-4
0,0.003921568859369,44580474,44580550,76,72,57,0,0.003921568859369,286,44580836,44580942,106,91,48,0,0.003921568859369,246,44581188,44581274,86,72,67,0,0.003921568859369,188,44581462,44581519,57,85,71,16,pin-length-4
0,0.003921568859369,44188511,44188568,57,83,57,0,0.003921568859369,221,44188789,44188863,74,88,48,0,0.003921568859369,237,44189100,44189166,66,74,68,0,0.003921568859369,131,44189297,44189343,46,86,94,16,pin-length-4
0,0.003921568859369,44600679,44600772,93,68,63,0,0.003921568859369,354,44601126,44601193,67,74,46,0,0.003921568859369,270,44601463,44601546,83,62,81,0,0.003921568859369,199,44601745,44601810,65,61,100,16,pin-length-4
0,0.003921568859369,44614279,44614346,67,55,67,0,0.003921568859369,522,44614868,44614943,75,78,51,0,0.003921568859369,207,44615150,44615236,86,73,62,0,0.003921568859369,159,44615395,44615451,56,68,80,16,pin-length-4
0,0.003921568859369,53831952,53832027,75,71,70,0,0.003921568859369,205,53832232,53832329,97,77,49,0,0.003921568859369,217,53832546,53832633,87,59,76,0,0.003921568859369,162,53832795,53832858,63,72,92,16,pin-length-4
0,0.003921568859369,53835427,53835498,71,71,70,0,0.003921568859369,237,53835735,53835831,96,53,62,0,0.003921568859369,269,53836100,53836193,93,87,68,0,0.003921568859369,198,53836391,53836457,66,85,92,16,pin-length-4
0,0.003921568859369,53838260,53838343,83,80,73,0,0.003921568859369,329,53838672,53838754,82,72,70,0,0.003921568859369,265,53839019,53839115,96,58,64,0,0.003921568859369,247,53839362,53839428,66,78,83,16,pin-length-4
0,0.003921568859369,53841629,53841725,96,84,87,0,0.003921568859369,316,53842041,53842106,65,96,49,0,0.003921568859369,346,53842452,53842536,84,52,62,0,0.003921568859369,260,53842796,53842862,66,75,90,16,pin-length-4
0,0.003921568859369,44225292,44225347,55,84,81,0,0.003921568859369,207,44225554,44225621,67,89,55,0,0.003921568859369,246,44225867,44225934,67,67,75,0,0.003921568859369,141,44226075,44226130,55,60,81,16,pin-length-4
0,0.003921568859369,44247419,44247486,67,58,71,0,0.003921568859369,172,44247658,44247732,74,87,38,0,0.003921568859369,131,44247863,44247927,64,51,91,0,0.003921568859369,141,44248068,44248104,36,48,83,16,pin-length-4
0,0.003921568859369,44264063,44264154,91,57,79,0,0.003921568859369,1768,44265922,44265994,72,74,76,0,0.003921568859369,1607,44267601,44267694,93,80,64,0,0.003921568859369,1216,44268910,44268985,75,73,54,16,pin-length-4
0,0.003921568859369,44286073,44286128,55,79,61,0,0.003921568859369,197,44286325,44286392,67,73,80,0,0.003921568859369,177,44286569,44286636,67,71,79,0,0.003921568859369,120,44286756,44286812,56,76,101,16,pin-length-4
0,0.003921568859369,44307528,44307575,47,74,68,0,0.003921568859369,240,44307815,44307868,53,68,53,0,0.003921568859369,200,44308068,44308123,55,44,91,0,0.003921568859369,143,44308266,44308299,33,58,91,16,pin-length-4
0,0.003921568859369,44345145,44345199,54,63,81,0,0.003921568859369,376,44345575,44345610,35,67,67,0,0.003921568859369,267,44345877,44345953,76,45,73,0,0.003921568859369,138,44346091,44346148,57,43,87,16,pin-length-4
0,0.003921568859369,44360698,44360774,76,80,67,0,0.003921568859369,227,44361001,44361097,96,76,66,0,0.003921568859369,168,44361265,44361332,67,30,106,0,0.003921568859369,128,44361460,44361528,68,46,87,16,pin-length-4
0,0.003921568859369,254979972,254980056,84,116,88,0,0.003921568859369,775,254980831,254980890,59,113,142,0,0.003921568859369,1033,254981923,254982024,101,145,89,0,0.003921568859369,510,254982534,254982588,54,116,80,17,pin-length-4
0,0.003921568859369,255081630,255081706,76,132,96,0,0.003921568859369,459,255082165,255082260,95,132,87,0,0.003921568859369,685,255082945,255083039,94,148,98,0,0.003921568859369,234,255083273,255083353,80,125,68,17,pin-length-4
0,0.003921568859369,255090794,255090870,76,114,115,0,0.003921568859369,517,255091387,255091473,86,120,89,0,0.003921568859369,791,255092264,255092349,85,133,94,0,0.003921568859369,201,255092550,255092636,86,111,117,17,pin-length-4
0,0.003921568859369,255099375,255099459,84,101,80,0,0.003921568859369,343,255099802,255099887,85,149,106,0,0.003921568859369,825,255100712,255100805,93,149,90,0,0.003921568859369,226,255101031,255101109,78,128,66,17,pin-length-4
0,0.003921568859369,255109178,255109279,101,141,98,0,0.003921568859369,342,255109621,255109724,103,122,88,0,0.003921568859369,733,255110457,255110567,110,164,99,0,0.003921568859369,194,255110761,255110854,93,153,89,17,pin-length-4
0,0.003921568859369,255118060,255118162,102,143,91,0,0.003921568859369,284,255118446,255118531,85,120,120,0,0.003921568859369,650,255119181,255119283,102,156,112,0,0.003921568859369,226,255119509,255119585,76,134,109,17,pin-length-4
0,0.003921568859369,255127656,255127749,93,135,128,0,0.003921568859369,395,255128144,255128247,103,136,95,0,0.003921568859369,475,255128722,255128832,110,127,117,0,0.003921568859369,219,255129051,255129148,97,140,98,17,pin-length-4
0,0.003921568859369,255136475,255136568,93,133,89,0,0.003921568859369,309,255136877,255136972,95,135,95,0,0.003921568859369,633,255137605,255137707,102,143,121,0,0.003921568859369,234,255137941,255138013,72,135,77,17,pin-length-4
0,0.003921568859369,255146345,255146430,85,127,107,0,0.003921568859369,367,255146797,255146882,85,122,92,0,0.003921568859369,393,255147275,255147370,95,127,106,0,0.003921568859369,184,255147554,255147639,85,159,67,17,pin-length-4
0,0.003921568859369,255157370,255157481,111,151,90,0,0.003921568859369,442,255157923,255158019,96,121,99,0,0.003921568859369,425,255158444,255158565,121,135,114,0,0.003921568859369,193,255158758,255158851,93,136,103,17,pin-length-4
0,0.003921568859369,255172601,255172669,68,124,96,0,0.003921568859369,650,255173319,255173395,76,119,102,0,0.003921568859369,977,255174372,255174456,84,130,118,0,0.003921568859369,201,255174657,255174738,81,135,64,17,pin-length-4
0,0.003921568859369,254992951,254993044,93,120,118,0,0.003921568859369,531,254993575,254993658,83,141,106,0,0.003921568859369,1027,254994685,254994786,101,149,116,0,0.003921568859369,242,254995028,254995136,108,145,61,17,pin-length-4
0,0.003921568859369,255182535,255182645,110,119,100,0,0.003921568859369,376,255183021,255183115,94,127,92,0,0.003921568859369,385,255183500,255183610,110,106,130,0,0.003921568859369,228,255183838,255183929,91,120,78,17,pin-length-4
0,0.003921568859369,10773541,10773634,93,109,93,0,0.003921568859369,610,10774244,10774328,84,128,95,0,0.003921568859369,1410,10775738,10775839,101,140,91,0,0.003921568859369,360,10776199,10776276,77,121,88,17,pin-length-4
0,0.003921568859369,10791323,10791416,93,127,93,0,0.003921568859369,742,10792158,10792242,84,122,78,0,0.003921568859369,635,10792877,10792988,111,130,91,0,0.003921568859369,210,10793198,10793291,93,130,91,17,pin-length-4
0,0.003921568859369,10797481,10797547,66,103,111,0,0.003921568859369,403,10797950,10798009,59,110,129,0,0.003921568859369,567,10798576,10798669,93,133,77,0,0.003921568859369,185,10798854,10798939,85,120,44,17,pin-length-4
0,0.003921568859369,10803366,10803458,92,118,92,0,0.003921568859369,318,10803776,10803870,94,117,121,0,0.003921568859369,809,10804679,10804764,85,110,104,0,0.003921568859369,226,10804990,10805067,77,103,70,17,pin-length-4
0,0.003921568859369,10807808,10807910,102,128,78,0,0.003921568859369,269,10808179,10808273,94,108,103,0,0.003921568859369,476,10808749,10808860,111,117,101,0,0.003921568859369,192,10809052,10809129,77,135,106,17,pin-length-4
0,0.003921568859369,255011258,255011333,75,96,99,0,0.003921568859369,451,255011784,255011852,68,111,106,0,0.003921568859369,1623,255013475,255013568,93,129,100,0,0.003921568859369,342,255013910,255014011,101,125,69,17,pin-length-4
0,0.003921568859369,255025736,255025821,85,124,98,0,0.003921568859369,450,255026271,255026347,76,118,103,0,0.003921568859369,643,255026990,255027084,94,122,81,0,0.003921568859369,243,255027327,255027399,72,121,78,17,pin-length-4
0,0.003921568859369,255035529,255035622,93,124,119,0,0.003921568859369,309,255035931,255036036,105,118,109,0,0.003921568859369,693,255036729,255036839,110,123,122,0,0.003921568859369,218,255037057,255037151,94,153,106,17,pin-length-4
0,0.003921568859369,255043873,255043941,68,139,91,0,0.003921568859369,451,255044392,255044483,91,134,110,0,0.003921568859369,1577,255046060,255046153,93,148,116,0,0.003921568859369,259,255046412,255046484,72,139,83,17,pin-length-4
0,0.003921568859369,255054649,255054725,76,122,117,0,0.003921568859369,542,255055267,255055344,77,121,104,0,0.003921568859369,1174,255056518,255056620,102,141,114,0,0.003921568859369,243,255056863,255056950,87,148,99,17,pin-length-4
0,0.003921568859369,255063729,255063805,76,111,96,0,0.003921568859369,510,255064315,255064417,102,119,97,0,0.003921568859369,1272,255065689,255065782,93,123,129,0,0.003921568859369,285,255066067,255066152,85,157,74,17,pin-length-4
0,0.003921568859369,255072830,255072932,102,122,98,0,0.003921568859369,509,255073441,255073544,103,123,86,0,0.003921568859369,794,255074338,255074440,102,136,94,0,0.003921568859369,227,255074667,255074752,85,148,68,17,pin-length-4
0,0.188235312700272,121635343,121635421,78,166,77,0,0.133333340287209,457,121635878,121636044,166,141,84,0,0.172549024224281,606,121636650,121636745,95,127,94,0,0.184313729405403,510,121637255,121637333,78,156,72,19,pin-length-4
0,0.192156881093979,121814085,121814154,69,159,100,0,0.176470592617989,317,121814471,121814566,95,98,115,0,0.168627455830574,247,121814813,121814926,113,119,118,0,0.176470592617989,553,121815479,121815540,61,167,160,19,pin-length-4
0,0.176470592617989,121820617,121820694,77,172,96,0,0.172549024224281,125,121820819,121820914,95,176,87,0,0.180392161011696,1413,121822327,121822405,78,140,88,0,0.129411771893501,554,121822959,121823107,148,151,133,19,pin-length-4
0,0.176470592617989,121827503,121827608,105,203,65,0,0.200000017881393,290,121827898,121828064,166,143,163,0,0.188235312700272,562,121828626,121828713,87,188,44,0,0.156862750649452,387,121829100,121829169,69,112,117,19,pin-length-4
0,0.168627455830574,121832785,121832916,131,143,113,0,0.176470592617989,422,121833338,121833468,130,122,109,0,0.172549024224281,361,121833829,121833933,104,156,122,0,0.090196080505848,475,121834408,121834547,139,103,115,19,pin-length-4
0,0.066666670143604,121843900,121844092,192,149,102,0,0.188235312700272,264,121844356,121844469,113,140,101,0,0.164705887436867,229,121844698,121844794,96,176,73,0,0.16078431904316,518,121845312,121845401,89,124,96,19,pin-length-4
0,0.168627455830574,121851511,121851633,122,131,134,0,0.184313729405403,405,121852038,121852132,94,61,105,0,0.192156881093979,308,121852440,121852571,131,79,104,0,0.172549024224281,413,121852984,121853132,148,131,145,19,pin-length-4
0,0.14509804546833,121859497,121859620,123,99,60,0,0.180392161011696,376,121859996,121860100,104,104,88,0,0.188235312700272,229,121860329,121860424,95,108,87,0,0.172549024224281,458,121860882,121860995,113,135,146,19,pin-length-4
0,0.16078431904316,121868184,121868314,130,144,128,0,0.188235312700272,256,121868570,121868691,121,119,85,0,0.192156881093979,229,121868920,121869051,131,81,48,0,0.133333340287209,512,121869563,121869639,76,117,106,19,pin-length-4
0,0.094117656350136,121873770,121873970,200,107,77,0,0.184313729405403,319,121874289,121874453,164,123,77,0,0.184313729405403,229,121874682,121874813,131,50,55,0,0.117647066712379,588,121875401,121875558,157,127,70,19,pin-length-4
0,0.125490203499794,121883410,121883497,87,112,130,0,0.168627455830574,474,121883971,121884084,113,125,66,0,0.164705887436867,275,121884359,121884461,102,58,33,0,0.137254908680916,572,121885033,121885163,130,92,105,19,pin-length-4
0,0.184313729405403,121718766,121718879,113,163,110,0,0.184313729405403,308,121719187,121719282,95,123,85,0,0.164705887436867,353,121719635,121719738,103,151,81,0,0.176470592617989,379,121720117,121720203,86,143,73,19,pin-length-4
0,0.090196080505848,121893709,121893804,95,96,74,0,0.16078431904316,352,121894156,121894242,86,83,65,0,0.168627455830574,405,121894647,121894716,69,90,7,0,0.086274512112141,545,121895261,121895304,43,65,164,19,pin-length-4
0,0.16078431904316,242590920,242592050,1130,101,109,0,0.156862750649452,773,242592823,242592944,121,114,114,0,0.16078431904316,386,242593330,242593423,93,175,88,0,0.184313729405403,662,242594085,242594180,95,161,89,19,pin-length-4
0,0.180392161011696,242596369,242596473,104,141,89,0,0.16078431904316,734,242597207,242597290,83,109,124,0,0.16078431904316,375,242597665,242597751,86,171,92,0,0.188235312700272,532,242598283,242598369,86,146,108,19,pin-length-4
0,0.188235312700272,242599249,242599318,69,77,105,0,0.16078431904316,368,242599686,242599744,58,46,82,0,0.16078431904316,392,242600136,242600231,95,130,73,0,0.184313729405403,463,242600694,242600771,77,129,86,19,pin-length-4
0,0.184313729405403,242601618,242601701,83,112,81,0,0.172549024224281,315,242602016,242602102,86,109,98,0,0.164705887436867,236,242602338,242602450,112,125,100,0,0.180392161011696,332,242602782,242602867,85,114,101,19,pin-length-4
0,0.176470592617989,242604087,242604233,146,128,113,0,0.172549024224281,263,242604496,242604590,94,88,79,0,0.168627455830574,263,242604853,242604956,103,120,68,0,0.192156881093979,325,242605281,242605426,145,95,98,19,pin-length-4
0,0.168627455830574,121738387,121738395,8,193,81,0,0.188235312700272,387,121738782,121738860,78,137,107,0,0.200000017881393,237,121739097,121739192,95,167,56,0,0.172549024224281,572,121739764,121739833,69,164,126,19,pin-length-4
0,0.172549024224281,121746751,121746864,113,109,126,0,0.180392161011696,458,121747322,121747416,94,119,100,0,0.184313729405403,432,121747848,121747925,77,104,110,0,0.168627455830574,562,121748487,121748653,166,151,87,19,pin-length-4
0,0.098039224743843,121756590,121756747,157,123,58,0,0.180392161011696,361,121757108,121757264,156,108,80,0,0.184313729405403,229,121757493,121757624,131,36,60,0,0.16078431904316,1241,121758865,121759001,136,171,43,19,pin-length-4
0,0.184313729405403,121773505,121773609,104,162,86,0,0.176470592617989,290,121773899,121774014,115,189,122,0,0.168627455830574,236,121774250,121774354,104,132,75,0,0.184313729405403,335,121774689,121774802,113,137,65,19,pin-length-4
0,0.176470592617989,121783144,121783274,130,135,100,0,0.192156881093979,248,121783522,121783616,94,137,99,0,0.200000017881393,1230,121784846,121784950,104,147,89,0,0.14509804546833,650,121785600,121785687,87,148,97,19,pin-length-4
0,0.180392161011696,121791592,121791687,95,198,83,0,0.176470592617989,273,121791960,121792073,113,194,46,0,0.176470592617989,212,121792285,121792397,112,138,41,0,0.176470592617989,458,121792855,121792933,78,165,79,19,pin-length-4
0,0.188235312700272,121797590,121797694,104,153,92,0,0.180392161011696,247,121797941,121798036,95,42,102,0,0.164705887436867,360,121798396,121798518,122,110,82,0,0.188235312700272,581,121799099,121799203,104,175,89,19,pin-length-4
39215688,1,174308063,174308124,61,119,76,39215688,1,159,174308283,174308357,74,121,95,39215688,1,152,174308509,174308541,32,56,107,39215688,1,219,174308760,174308823,63,90,109,20,pin-length-4
39215688,1,174423037,174423092,55,122,141,39215688,1,125,174423217,174423309,92,159,143,39215688,1,102,174423411,174423450,39,64,57,39215688,1,128,174423578,174423617,39,159,111,20,pin-length-4
39215688,1,174431844,174431886,42,104,89,39215688,1,134,174432020,174432095,75,124,85,39215688,1,68,174432163,174432195,32,39,35,39215688,1,142,174432337,174432378,41,126,101,20,pin-length-4
39215688,1,174437956,174438012,56,123,98,39215688,1,152,174438164,174438221,57,76,67,39215688,1,35,174438256,174438296,40,94,62,39215688,1,126,174438422,174438471,49,119,99,20,pin-length-4
39215688,1,174444744,174444790,46,127,87,39215688,1,143,174444933,174444999,66,97,80,39215688,1,60,174445059,174445108,49,77,51,39215688,1,126,174445234,174445282,48,142,136,20,pin-length-4
39215688,1,174450876,174450941,65,106,95,39215688,1,135,174451076,174451150,74,112,78,39215688,1,59,174451209,174451258,49,72,37,39215688,1,184,174451442,174451458,16,112,71,20,pin-length-4
39215688,1,174456945,174457026,81,113,77,39215688,1,127,174457153,174457227,74,114,72,39215688,1,68,174457295,174457327,32,58,44,39215688,1,110,174457437,174457486,49,113,132,20,pin-length-4
39215688,1,174463665,174463723,58,94,111,39215688,1,123,174463846,174463913,67,109,129,39215688,1,85,174463998,174464029,31,54,52,39215688,1,85,174464114,174464197,83,149,106,20,pin-length-4
39215688,1,174470113,174470164,51,118,96,39215688,1,136,174470300,174470366,66,97,96,39215688,1,67,174470433,174470472,39,62,63,39215688,1,102,174470574,174470631,57,112,90,20,pin-length-4
39215688,1,174476096,174476167,71,95,98,39215688,1,127,174476294,174476367,73,72,81,39215688,1,68,174476435,174476509,74,69,38,39215688,1,108,174476617,174476667,50,96,105,20,pin-length-4
39215688,1,174482333,174482393,60,103,90,39215688,1,152,174482545,174482601,56,114,58,39215688,1,68,174482669,174482718,49,87,21,39215688,1,109,174482827,174482892,65,132,76,20,pin-length-4
39215688,1,174318065,174318143,78,128,84,39215688,1,256,174318399,174318469,70,120,93,39215688,1,142,174318611,174318660,49,48,52,39215688,1,142,174318802,174318835,33,130,76,20,pin-length-4
39215688,1,174487883,174487944,61,115,102,39215688,1,144,174488088,174488137,49,111,67,39215688,1,59,174488196,174488245,49,78,12,39215688,1,111,174488356,174488395,39,128,85,20,pin-length-4
39215688,1,174501838,174501891,53,121,87,39215688,1,135,174502026,174502082,56,108,90,39215688,1,52,174502134,174502175,41,79,10,39215688,1,84,174502259,174502317,58,131,121,20,pin-length-4
39215688,1,107465944,107466028,84,124,90,39215688,1,253,107466281,107466369,88,97,107,39215688,1,169,107466538,107466578,40,94,84,39215688,1,126,107466704,107466753,49,118,84,20,pin-length-4
39215688,1,107468404,107468469,65,122,94,39215688,1,160,107468629,107468711,82,102,102,39215688,1,143,107468854,107468920,66,45,104,39215688,1,101,107469021,107469086,65,96,93,20,pin-length-4
39215688,1,107470048,107470128,80,106,80,39215688,1,152,107470280,107470363,83,111,72,39215688,1,108,107470471,107470537,66,46,88,39215688,1,118,107470655,107470720,65,84,92,20,pin-length-4
39215688,1,107471698,107471779,81,101,85,39215688,1,135,107471914,107471997,83,94,80,39215688,1,91,107472088,107472145,57,54,67,39215688,1,135,107472280,107472329,49,93,112,20,pin-length-4
39215688,1,174325084,174325137,53,128,125,39215688,1,160,174325297,174325371,74,115,110,39215688,1,118,174325489,174325544,55,74,123,39215688,1,169,174325713,174325762,49,139,111,20,pin-length-4
39215688,1,174332214,174332272,58,104,124,39215688,1,143,174332415,174332489,74,122,78,39215688,1,135,174332624,174332631,7,67,101,39215688,1,160,174332791,174332839,48,109,112,20,pin-length-4
39215688,1,174339272,174339316,44,113,101,39215688,1,159,174339475,174339533,58,116,70,39215688,1,100,174339633,174339674,41,83,93,39215688,1,151,174339825,174339866,41,112,116,20,pin-length-4
39215688,1,174346089,174346134,45,127,114,39215688,1,160,174346294,174346368,74,86,108,39215688,1,68,174346436,174346476,40,76,127,39215688,1,177,174346653,174346686,33,116,105,20,pin-length-4
39215688,1,174401421,174401485,64,135,131,39215688,1,334,174401819,174401893,74,136,105,39215688,1,85,174401978,174402010,32,56,70,39215688,1,185,174402195,174402227,32,103,104,20,pin-length-4
39215688,1,174407909,174407979,70,114,91,39215688,1,143,174408122,174408213,91,110,112,39215688,1,101,174408314,174408346,32,55,84,39215688,1,184,174408530,174408562,32,107,98,20,pin-length-4
39215688,1,174414337,174414389,52,120,106,39215688,1,126,174414515,174414597,82,129,119,39215688,1,118,174414715,174414723,8,61,84,39215688,1,280,174415003,174415047,44,101,114,20,pin-length-4
0,1,194577581,194577629,48,95,67,0,1,493,194578122,194578199,77,107,54,0,1,626,194578825,194578879,54,106,84,0,1,662,194579541,194579579,38,76,76,22,pin-length-4
0,1,194819223,194819328,105,104,85,0,1,363,194819691,194819797,106,99,65,0,1,472,194820269,194820362,93,102,86,0,1,369,194820731,194820858,127,111,49,22,pin-length-4
0,1,194827661,194827758,97,72,119,0,1,394,194828152,194828290,138,111,90,0,1,512,194828802,194828883,81,69,104,0,1,475,194829358,194829448,90,59,87,22,pin-length-4
0,1,194836375,194836442,67,72,74,0,1,437,194836879,194836984,105,127,99,0,1,461,194837445,194837541,96,81,103,0,1,455,194837996,194838051,55,82,68,22,pin-length-4
0,1,194844693,194844796,103,100,56,0,1,592,194845388,194845528,140,74,31,0,1,729,194846257,194846356,99,84,55,0,1,487,194846843,194846987,144,118,69,22,pin-length-4
0,1,194854042,194854064,22,104,62,0,1,737,194854801,194854931,130,146,59,0,1,612,194855543,194855648,105,106,95,0,1,473,194856121,194856232,111,89,72,22,pin-length-4
0,1,194862995,194863025,30,68,90,0,1,530,194863555,194863650,95,118,97,0,1,560,194864210,194864316,106,74,107,0,1,483,194864799,194864885,86,61,72,22,pin-length-4
0,1,194875102,194875170,68,65,62,0,1,388,194875558,194875676,118,85,95,0,1,429,194876105,194876179,74,79,86,0,1,544,194876723,194876864,141,44,49,22,pin-length-4
0,1,194883543,194883643,100,101,59,0,1,380,194884023,194884116,93,141,85,0,1,693,194884809,194884906,97,119,74,0,1,515,194885421,194885525,104,101,92,22,pin-length-4
0,1,194896238,194896347,109,93,81,0,1,423,194896770,194896903,133,153,71,0,1,612,194897515,194897596,81,104,96,0,1,436,194898032,194898102,70,114,49,22,pin-length-4
0,1,194908666,194908773,107,126,67,0,1,410,194909183,194909273,90,133,88,0,1,610,194909883,194909948,65,119,64,0,1,429,194910377,194910423,46,67,73,22,pin-length-4
0,1,194592243,194592335,92,65,67,0,1,558,194592893,194593009,116,101,62,0,1,778,194593787,194593868,81,114,99,0,1,1038,194594906,194594951,45,69,112,22,pin-length-4
0,1,194917804,194917892,88,101,33,0,1,470,194918362,194918464,102,101,78,0,1,507,194918971,194919045,74,120,76,0,1,428,194919473,194919525,52,43,45,22,pin-length-4
0,1,250986092,250986157,65,102,82,0,1,176,250986333,250986391,58,44,54,0,1,202,250986593,250986632,39,51,73,0,1,462,250987094,250987141,47,126,66,22,pin-length-4
0,1,250989156,250989226,70,102,77,0,1,184,250989410,250989477,67,78,58,0,1,166,250989643,250989704,61,41,94,0,1,199,250989903,250989969,66,132,63,22,pin-length-4
0,1,250990977,250991034,57,124,62,0,1,185,250991219,250991251,32,88,69,0,1,193,250991444,250991509,65,39,98,0,1,185,250991694,250991759,65,125,99,22,pin-length-4
0,1,250993073,250993143,70,68,90,0,1,151,250993294,250993360,66,68,58,0,1,143,250993503,250993570,67,67,102,0,1,183,250993753,250993801,48,148,86,22,pin-length-4
0,1,251002074,251002179,105,112,88,0,1,144,251002323,251002396,73,76,79,0,1,168,251002564,251002612,48,37,86,0,1,202,251002814,251002879,65,89,71,22,pin-length-4
0,1,194605939,194606014,75,100,45,0,1,510,194606524,194606571,47,104,80,0,1,1165,194607736,194607822,86,107,66,0,1,927,194608749,194608855,106,111,47,22,pin-length-4
0,1,194764388,194764462,74,98,91,0,1,571,194765033,194765070,37,85,66,0,1,396,194765466,194765520,54,101,65,0,1,404,194765924,194765970,46,147,40,22,pin-length-4
0,1,194774250,194774384,134,127,75,0,1,517,194774901,194774982,81,95,121,0,1,468,194775450,194775574,124,133,43,0,1,402,194775976,194776099,123,85,73,22,pin-length-4
0,1,194784620,194784693,73,75,50,0,1,363,194785056,194785178,122,145,19,0,1,485,194785663,194785735,72,94,57,0,1,481,194786216,194786346,130,118,50,22,pin-length-4
0,1,194793124,194793170,46,104,68,0,1,512,194793682,194793754,72,119,58,0,1,603,194794357,194794438,81,125,55,0,1,554,194794992,194795114,122,109,25,22,pin-length-4
0,1,194801400,194801464,64,115,79,0,1,361,194801825,194801931,106,151,57,0,1,464,194802395,194802473,78,107,72,0,1,351,194802824,194802991,167,140,54,22,pin-length-4
0,1,194809608,194809684,76,128,61,0,1,401,194810085,194810150,65,131,80,0,1,594,194810744,194810800,56,128,87,0,1,597,194811397,194811458,61,77,59,22,pin-length-4
627451008,1,30598817,30598901,84,39,77,1529411840,1,311,30599212,30599264,52,54,86,627451008,1,151,30599415,30599510,95,16,71,313725504,1,65,30599575,30599638,63,16,18,24,pin-length-4
431372576,1,34068818,34068864,46,17,28,666666688,1,609,34069473,34069525,52,25,32,1294117760,1,1025,34070550,34070634,84,53,40,666666688,1,364,34070998,34071082,84,34,39,24,pin-length-4
784313728,1,34098780,34098864,84,53,64,1098039296,1,278,34099142,34099216,74,49,21,470588288,1,299,34099515,34099599,84,70,14,431372576,1,556,34100155,34100228,73,34,53,24,pin-length-4
901960832,1,34165423,34165518,95,54,46,1372549120,1,406,34165924,34166009,85,54,68,862745152,1,278,34166287,34166339,52,53,30,549019648,1,620,34166959,34167043,84,70,44,24,pin-length-4
509803968,1,34696622,34696717,95,53,52,941176576,1,268,34696985,34697070,85,60,28,431372576,1,353,34697423,34697518,95,67,26,470588288,1,397,34697915,34697988,73,69,43,24,pin-length-4
392156864,1,34923465,34923528,63,48,53,431372576,1,397,34923925,34923988,63,17,51,392156864,1,643,34924631,34924694,63,40,52,1137255040,1,610,34925304,34925368,64,52,43,24,pin-length-4
352941184,1,34998683,34998778,95,71,40,1333333376,1,332,34999110,34999173,63,56,49,1098039296,1,258,34999431,34999494,63,43,33,784313728,1,396,34999890,34999953,63,93,34,24,pin-length-4
941176576,1,35054475,35054549,74,34,34,509803968,1,226,35054775,35054870,95,82,85,588235328,1,525,35055395,35055469,74,80,43,274509824,1,257,35055726,35055790,64,28,21,24,pin-length-4
235294144,1,35116035,35116119,84,79,59,1372549120,1,366,35116485,35116536,51,53,27,1098039296,1,355,35116891,35116942,51,61,23,549019648,1,516,35117458,35117531,73,54,70,24,pin-length-4
1490196096,1,35279366,35279450,84,63,42,431372576,1,258,35279708,35279782,74,68,43,901960832,1,257,35280039,35280102,63,49,26,705882368,1,568,35280670,35280733,63,50,32,24,pin-length-4
1372549120,1,35313477,35313533,56,52,33,392156864,1,387,35313920,35313982,62,29,59,980392256,1,301,35314283,35314346,63,52,15,784313728,1,579,35314925,35314998,73,46,20,24,pin-length-4
1607843200,1,33751495,33751579,84,52,32,470588288,1,268,33751847,33751931,84,19,65,1137255040,1,364,33752295,33752379,84,52,35,784313728,1,342,33752721,33752795,74,48,38,24,pin-length-4
1725490304,1,35473550,35473624,74,55,32,862745152,1,365,35473989,35474084,95,53,46,666666688,1,280,35474364,35474448,84,59,30,235294144,1,504,35474952,35475036,84,30,68,24,pin-length-4
0,1,85603784,85603837,53,77,52,0,1,305,85604142,85604219,77,54,62,0,1,233,85604452,85604523,71,32,64,0,1,297,85604820,85604903,83,76,78,24,pin-length-4
0,1,85610867,85610954,87,76,50,0,1,1101,85612055,85612105,50,73,56,0,1,487,85612592,85612610,18,57,65,0,1,582,85613192,85613240,48,60,73,24,pin-length-4
0,1,85616039,85616098,59,64,59,0,1,518,85616616,85616666,50,54,51,0,1,426,85617092,85617151,59,63,87,0,1,453,85617604,85617686,82,102,68,24,pin-length-4
0,1,85619953,85620025,72,69,83,0,1,639,85620664,85620713,49,60,87,0,1,406,85621119,85621164,45,64,74,0,1,420,85621584,85621632,48,95,67,24,pin-length-4
0,1,85623597,85623667,70,43,87,0,1,434,85624101,85624168,67,80,78,0,1,368,85624536,85624587,51,24,80,0,1,491,85625078,85625137,59,89,63,24,pin-length-4
470588288,1,33783007,33783091,84,52,69,941176576,1,428,33783519,33783603,84,53,45,431372576,1,311,33783914,33784008,94,73,43,1450980480,1,557,33784565,33784627,62,53,38,24,pin-length-4
1019607936,1,33814948,33814993,45,53,36,509803968,1,365,33815358,33815410,52,79,33,941176576,1,332,33815742,33815826,84,51,47,549019648,1,365,33816191,33816264,73,60,23,24,pin-length-4
666666688,1,33845447,33845519,72,51,58,509803968,1,418,33845937,33846042,105,41,66,784313728,1,321,33846363,33846447,84,90,35,1058823616,1,396,33846843,33846917,74,37,31,24,pin-length-4
549019648,1,33875488,33875551,63,59,6,1137255040,1,417,33875968,33876030,62,55,72,392156864,1,300,33876330,33876403,73,95,75,1098039296,1,620,33877023,33877064,41,53,43,24,pin-length-4
1294117760,1,33933508,33933587,79,52,36,470588288,1,407,33933994,33934077,83,64,52,431372576,1,332,33934409,33934504,95,56,55,1098039296,1,535,33935039,33935144,105,42,56,24,pin-length-4
1294117760,1,33998873,33998957,84,60,42,745098048,1,726,33999683,33999756,73,89,44,549019648,1,417,34000173,34000236,63,73,66,588235328,1,481,34000717,34000801,84,44,27,24,pin-length-4
1215686400,1,34035781,34035820,39,52,48,901960832,1,471,34036291,34036364,73,57,42,549019648,1,299,34036663,34036715,52,68,20,1411764736,1,577,34037292,34037354,62,46,43,24,pin-length-4
3333333504,0.247058838605881,216474349,216474479,130,86,116,3000000000,0.227450996637344,334,216474813,216474915,102,126,126,3000000000,0.223529428243637,1092,216476007,216476099,92,122,103,4000000256,0.258823543787003,441,216476540,216476651,111,45,42,25,pin-length-4
2000000128,0.200000017881393,217068255,217068444,189,131,91,4000000256,0.254901975393295,421,217068865,217068987,122,75,110,4000000256,0.274509817361832,641,217069628,217069764,136,106,81,4333333504,0.290196090936661,97,217069861,217069956,95,98,90,25,pin-length-4
4333333504,0.274509817361832,217103182,217103300,118,94,123,3333333504,0.250980406999588,127,217103427,217103513,86,100,133,3333333504,0.243137270212173,166,217103679,217103784,105,97,93,4000000256,0.270588248968124,50,217103834,217103930,96,81,107,25,pin-length-4
4333333504,0.294117659330368,217131439,217131560,121,132,59,3333333504,0.247058838605881,77,217131637,217131736,99,81,144,3333333504,0.254901975393295,126,217131862,217131986,124,104,62,4000000256,0.270588248968124,50,217132036,217132112,76,73,68,25,pin-length-4
4000000256,0.278431385755539,217156680,217156823,143,90,107,4333333504,0.278431385755539,350,217157173,217157298,125,100,146,3000000000,0.215686291456223,311,217157609,217157714,105,138,108,3000000000,0.211764723062515,266,217157980,217158131,151,157,129,25,pin-length-4
3000000000,0.211764723062515,217183056,217183146,90,85,85,2666666752,0.203921586275101,431,217183577,217183621,44,120,162,2333333504,0.207843154668808,335,217183956,217184038,82,125,131,2666666752,0.207843154668808,640,217184678,217184765,87,73,92,25,pin-length-4
4333333504,0.286274522542953,217263408,217263521,113,147,87,4000000256,0.254901975393295,88,217263609,217263706,97,53,101,3333333504,0.239215701818466,281,217263987,217264094,107,96,82,4000000256,0.26274511218071,215,217264309,217264393,84,74,98,25,pin-length-4
4333333504,0.290196090936661,217288448,217288534,86,146,25,4000000256,0.270588248968124,59,217288593,217288669,76,55,98,3000000000,0.247058838605881,137,217288806,217288921,115,108,63,4000000256,0.278431385755539,148,217289069,217289135,66,74,50,25,pin-length-4
2666666752,0.21960785984993,217310733,217310865,132,146,19,3000000000,0.215686291456223,604,217311469,217311554,85,136,118,2666666752,0.203921586275101,351,217311905,217312009,104,106,127,3000000000,0.21960785984993,273,217312282,217312339,57,116,142,25,pin-length-4
2666666752,0.223529428243637,217333982,217334123,141,116,24,3000000000,0.211764723062515,592,217334715,217334800,85,75,153,2333333504,0.211764723062515,964,217335764,217335878,114,118,142,3000000000,0.215686291456223,273,217336151,217336217,66,70,104,25,pin-length-4
4000000256,0.270588248968124,217357531,217357634,103,107,60,4000000256,0.270588248968124,195,217357829,217357915,86,127,137,3000000000,0.231372565031052,506,217358421,217358565,144,102,66,4666667008,0.301960796117783,236,217358801,217358943,142,105,106,25,pin-length-4
4000000256,0.278431385755539,216732565,216732677,112,156,108,3666666752,0.250980406999588,30,216732707,216732793,86,68,109,3333333504,0.243137270212173,110,216732903,216733016,113,115,95,4000000256,0.274509817361832,29,216733045,216733142,97,64,114,25,pin-length-4
4000000256,0.278431385755539,217380881,217380996,115,163,79,4000000256,0.274509817361832,21,217381017,217381104,87,49,112,3666666752,0.247058838605881,126,217381230,217381337,107,112,106,4000000256,0.270588248968124,127,217381464,217381559,95,64,71,25,pin-length-4
4000000256,0.270588248968124,689081081,689081194,113,149,68,3666666752,0.258823543787003,324,689081518,689081631,113,58,121,3666666752,0.254901975393295,146,689081777,689081892,115,122,81,4000000256,0.286274522542953,117,689082009,689082076,67,76,52,25,pin-length-4
4000000256,0.278431385755539,689083297,689083373,76,123,53,4000000256,0.270588248968124,73,689083446,689083521,75,64,97,3666666752,0.247058838605881,28,689083549,689083635,86,95,48,4333333504,0.301960796117783,78,689083713,689083801,88,58,67,25,pin-length-4
4000000256,0.278431385755539,689090405,689090501,96,104,78,4000000256,0.270588248968124,59,689090560,689090637,77,85,128,3666666752,0.254901975393295,78,689090715,689090821,106,90,67,4000000256,0.294117659330368,69,689090890,689090957,67,70,42,25,pin-length-4
4333333504,0.290196090936661,689091666,689091771,105,141,34,3333333504,0.254901975393295,100,689091871,689091965,94,92,121,4000000256,0.254901975393295,118,689092083,689092187,104,70,83,3666666752,0.26274511218071,129,689092316,689092381,65,94,95,25,pin-length-4
4333333504,0.298039227724075,689093205,689093312,107,130,49,4000000256,0.270588248968124,136,689093448,689093562,114,63,140,3333333504,0.250980406999588,108,689093670,689093766,96,77,105,4666667008,0.313725501298904,166,689093932,689094020,88,59,46,25,pin-length-4
3666666752,0.250980406999588,216750970,216751094,124,139,95,4333333504,0.290196090936661,216,216751310,216751394,84,104,154,3333333504,0.235294133424759,196,216751590,216751714,124,110,113,4333333504,0.282352954149246,471,216752185,216752286,101,126,52,25,pin-length-4
4000000256,0.282352954149246,216776858,216776949,91,156,102,4000000256,0.266666680574417,185,216777134,216777221,87,113,124,3333333504,0.239215701818466,158,216777379,216777453,74,99,78,4666667008,0.301960796117783,228,216777681,216777754,73,57,143,25,pin-length-4
4000000256,0.278431385755539,216807108,216807234,126,127,106,4000000256,0.254901975393295,225,216807459,216807571,112,140,97,3333333504,0.247058838605881,439,216808010,216808114,104,98,59,3666666752,0.250980406999588,127,216808241,216808337,96,94,77,25,pin-length-4
4333333504,0.278431385755539,216859515,216859597,82,144,79,4000000256,0.274509817361832,40,216859637,216859713,76,88,102,3666666752,0.250980406999588,40,216859753,216859840,87,101,41,4666667008,0.294117659330368,59,216859899,216859975,76,94,79,25,pin-length-4
4333333504,0.286274522542953,216934027,216934140,113,154,51,4000000256,0.26274511218071,635,216934775,216934867,92,77,114,3333333504,0.243137270212173,622,216935489,216935624,135,102,122,4333333504,0.286274522542953,236,216935860,216935953,93,99,57,25,pin-length-4
3666666752,0.266666680574417,216987356,216987462,106,119,104,4000000256,0.274509817361832,49,216987511,216987578,67,75,156,3333333504,0.250980406999588,30,216987608,216987676,68,113,114,4000000256,0.282352954149246,68,216987744,216987811,67,93,95,25,pin-length-4
4000000256,0.270588248968124,217031185,217031309,124,151,82,4000000256,0.278431385755539,247,217031556,217031648,92,93,82,4000000256,0.26274511218071,150,217031798,217031941,143,107,95,4666667008,0.298039227724075,96,217032037,217032145,108,77,58,25,pin-length-4
0,0.090196080505848,1558433156,1558433289,133,90.81591796875,109.5048828125,0,0.023529414087534,196,1558433485,1558433618,133,89.51708984375,114.502563476563,0,0.019607843831182,215,1558433833,1558433956,123,121.487487792969,99.509521484375,0,0.050980396568775,196,1558434152,1558434285,133,63.241455078125,83.516845703125,27,pin-length-4
0,0.090196080505848,1558623645,1558623787,142,34.8677215576172,114.502563476563,0,0.039215687662363,186,1558623973,1558624105,132,46.556884765625,86.5155029296875,0,0.125490203499794,196,1558624301,1558624402,101,55.548583984375,86.5155029296875,0,0.039215687662363,155,1558624557,1558624689,132,77.228515625,133.493774414063,27,pin-length-4
0,0.050980396568775,1558625294,1558625437,143,48.8547668457031,92.5126953125,0,0.066666670143604,144,1558625581,1558625723,142,54.5494995117187,79.5186767578125,0,0.117647066712379,124,1558625847,1558625948,101,71.5337524414062,106.506225585938,0,0.090196080505848,124,1558626072,1558626205,133,142.168395996094,111.50390625,27,pin-length-4
0,0.086274512112141,1558626646,1558626789,143,54.8492126464844,112.50341796875,0,0.062745101749897,185,1558626974,1558627096,122,32.5698547363281,93.51220703125,0,0.121568635106087,175,1558627271,1558627362,91,58.5458068847656,97.5103759765625,0,0.074509806931019,145,1558627507,1558627609,102,131.178527832031,113.5029296875,27,pin-length-4
0,0.050980396568775,1558628060,1558628214,154,46.8566131591797,92.5126953125,0,0.137254908680916,174,1558628388,1558628500,112,52.5513305664063,101.508544921875,0,0.019607843831182,154,1558628654,1558628757,103,52.5513305664063,94.51171875,0,0.078431375324726,144,1558628901,1558629022,121,119.189636230469,120.499755859375,27,pin-length-4
0,0.035294119268656,1558629617,1558629770,153,55.8482971191406,100.509033203125,0,0.094117656350136,144,1558629914,1558630047,133,52.5513305664063,71.5224609375,0,0.105882361531258,165,1558630212,1558630303,91,58.5458068847656,69.5233154296875,0,0.078431375324726,176,1558630479,1558630611,132,159.152648925781,116.501586914063,27,pin-length-4
0,0.090196080505848,1558631257,1558631380,123,69.8353424072266,99.509521484375,0,0.070588238537312,144,1558631524,1558631656,132,39.5633544921875,71.5224609375,0,0.082352943718433,144,1558631800,1558631913,113,65.539306640625,112.50341796875,0,0.023529414087534,113,1558632026,1558632170,144,131.178527832031,109.5048828125,27,pin-length-4
0,0.105882361531258,1558632682,1558632835,153,76.828857421875,59.5279541015625,0,0.086274512112141,124,1558632959,1558633092,133,68.5365295410156,88.5145263671875,0,0.05882353335619,195,1558633287,1558633400,113,68.5365295410156,88.5145263671875,0,0.027450982481241,133,1558633533,1558633676,143,92.214599609375,88.5145263671875,27,pin-length-4
0,0.062745101749897,1558634210,1558634372,162,57.846435546875,119.500244140625,0,0.019607843831182,166,1558634538,1558634691,153,27.574462890625,85.5159912109375,0,0.023529414087534,113,1558634804,1558634917,113,58.5458068847656,89.5140380859375,0,0.078431375324726,124,1558635041,1558635183,142,138.172058105469,107.505737304688,27,pin-length-4
0,0.054901964962483,1558635603,1558635757,154,65.8390350341797,129.49560546875,0,0.129411771893501,145,1558635902,1558636023,121,44.5587463378906,102.508056640625,0,0.011764707043767,93,1558636116,1558636229,113,49.5541076660156,97.5103759765625,0,0.094117656350136,124,1558636353,1558636505,152,123.185913085938,109.5048828125,27,pin-length-4
0,0.019607843831182,1558656675,1558656797,122,86.8196105957031,86.5155029296875,0,0.117647066712379,124,1558656921,1558657044,123,109.498596191406,49.5325927734375,0,0.054901964962483,133,1558657177,1558657299,122,89.51708984375,87.5150146484375,0,0.098039224743843,134,1558657433,1558657566,133,112.196105957031,54.5302734375,27,pin-length-4
0,0.015686275437474,1558610215,1558610358,143,93.8131408691406,81.517822265625,0,0.133333340287209,135,1558610493,1558610615,122,95.5115966796875,98.5098876953125,0,0.137254908680916,164,1558610779,1558610902,123,66.5383911132813,90.513671875,0,0.023529414087534,154,1558611056,1558611189,133,66.2386474609375,135.492797851563,27,pin-length-4
0,0.094117656350136,1558658315,1558658447,132,49.8538360595703,112.50341796875,0,0.019607843831182,154,1558658601,1558658744,143,25.5763244628906,104.507202148438,0,0.050980396568775,134,1558658878,1558658990,112,82.5236206054688,88.5145263671875,0,0.011764707043767,123,1558659113,1558659267,154,75.2303466796875,88.5145263671875,27,pin-length-4
0,0.082352943718433,102666942,102667085,143,51.8519897460938,104.507202148438,0,0.023529414087534,144,102667229,102667362,133,36.5661315917969,114.502563476563,0,0.062745101749897,206,102667568,102667689,121,88.51806640625,101.508544921875,0,0.082352943718433,93,102667782,102667915,133,123.185913085938,139.490966796875,27,pin-length-4
0,0.094117656350136,102669006,102669108,102,65.8390350341797,129.49560546875,0,0.070588238537312,164,102669272,102669404,132,69.5356140136719,118.500610351563,0,0.090196080505848,176,102669580,102669692,112,69.5356140136719,118.500610351563,0,0.070588238537312,143,102669835,102669968,133,112.196105957031,135.492797851563,27,pin-length-4
0,0.054901964962483,102670727,102670859,132,16.8843688964844,110.50439453125,0,0.082352943718433,206,102671065,102671186,121,64.5402526855469,127.496459960938,0,0.086274512112141,166,102671352,102671463,111,63.5411682128906,92.5126953125,0,0.082352943718433,93,102671556,102671679,123,129.180419921875,122.498779296875,27,pin-length-4
0,0.011764707043767,102672468,102672611,143,13.8871459960938,99.509521484375,0,0.019607843831182,185,102672796,102672929,133,92.5143432617188,98.5098876953125,0,0.04313725605607,338,102673267,102673389,122,89.51708984375,97.5103759765625,0,0.078431375324726,145,102673534,102673666,132,111.197021484375,137.491821289063,27,pin-length-4
0,0.062745101749897,102674598,102674740,142,74.8307189941406,94.51171875,0,0.04313725605607,175,102674915,102675047,132,96.5106201171875,113.5029296875,0,0.054901964962483,134,102675181,102675293,112,96.5106201171875,109.5048828125,0,0.05882353335619,165,102675458,102675590,132,64.2405395507813,164.479370117188,27,pin-length-4
0,0.078431375324726,1558612052,1558612203,151,63.8408813476562,107.505737304688,0,0.14509804546833,155,1558612358,1558612480,122,109.498596191406,115.502075195313,0,0.152941182255745,186,1558612666,1558612787,121,91.5152587890625,70.5228271484375,0,0.094117656350136,156,1558612943,1558613086,143,154.157287597656,111.50390625,27,pin-length-4
0,0.027450982481241,1558613845,1558613997,152,81.8242340087891,83.516845703125,0,0.117647066712379,227,1558614224,1558614366,142,94.5125122070312,123.498413085938,0,0.141176477074623,176,1558614542,1558614663,121,87.5189819335938,83.516845703125,0,0.066666670143604,134,1558614797,1558614951,154,140.170227050781,115.502075195313,27,pin-length-4
0,0.023529414087534,1558615617,1558615761,144,69.8353424072266,87.5150146484375,0,0.070588238537312,154,1558615915,1558616058,143,97.5097045898437,110.50439453125,0,0.082352943718433,175,1558616233,1558616355,122,74.531005859375,72.52197265625,0,0.031372550874949,124,1558616479,1558616613,134,120.188720703125,108.505249023438,27,pin-length-4
0,0.027450982481241,1558617289,1558617432,143,67.8371887207031,79.5186767578125,0,0.141176477074623,154,1558617586,1558617719,133,78.5272827148438,95.5113525390625,0,0.117647066712379,175,1558617894,1558618006,112,81.5245361328125,64.525634765625,0,0.086274512112141,154,1558618160,1558618304,144,129.180419921875,119.500244140625,27,pin-length-4
0,0.078431375324726,1558618734,1558618876,142,38.864013671875,82.517333984375,0,0.121568635106087,176,1558619052,1558619184,132,65.539306640625,102.508056640625,0,0.070588238537312,165,1558619349,1558619462,113,92.5143432617188,83.516845703125,0,0.074509806931019,175,1558619637,1558619769,132,119.189636230469,117.501098632813,27,pin-length-4
0,0.105882361531258,1558620365,1558620507,142,41.8612365722656,83.516845703125,0,0.129411771893501,186,1558620693,1558620825,132,72.5328369140625,86.5155029296875,0,0.105882361531258,145,1558620970,1558621071,101,96.5106201171875,83.516845703125,0,0.090196080505848,268,1558621339,1558621491,152,136.173889160156,99.509521484375,27,pin-length-4
0,0.094117656350136,1558622097,1558622239,142,62.8418121337891,118.500610351563,0,0.094117656350136,134,1558622373,1558622506,133,54.5494995117187,105.506713867188,0,0.117647066712379,154,1558622660,1558622772,112,87.5189819335938,75.5206298828125,0,0.035294119268656,103,1558622875,1558623019,144,133.176696777344,123.498413085938,27,pin-length-4
392156864,1,13773238,13773303,65,62,75,392156864,1,26,13773329,13773403,74,83,118,392156864,1,170,13773573,13773636,63,72,61,392156864,1,185,13773821,13773862,41,147,172,28,pin-length-4
392156864,1,13817007,13817072,65,94,89,392156864,1,93,13817165,13817239,74,104,62,392156864,1,618,13817857,13817922,65,75,74,392156864,1,442,13818364,13818422,58,69,104,28,pin-length-4
392156864,1,13819848,13819904,56,86,74,392156864,1,143,13820047,13820104,57,91,86,392156864,1,476,13820580,13820645,65,77,95,392156864,1,167,13820812,13820878,66,55,146,28,pin-length-4
392156864,1,13821720,13821811,91,91,89,392156864,1,85,13821896,13821937,41,116,156,392156864,1,516,13822453,13822543,90,61,74,392156864,1,143,13822686,13822752,66,79,93,28,pin-length-4
392156864,1,13823802,13823868,66,78,72,392156864,1,67,13823935,13824018,83,107,53,392156864,1,226,13824244,13824327,83,82,85,392156864,1,134,13824461,13824534,73,94,95,28,pin-length-4
392156864,1,13825609,13825700,91,86,82,392156864,1,26,13825726,13825816,90,112,109,392156864,1,310,13826126,13826224,98,61,55,392156864,1,135,13826359,13826417,58,100,116,28,pin-length-4
392156864,1,13827175,13827232,57,84,128,392156864,1,93,13827325,13827366,41,118,64,392156864,1,226,13827592,13827665,73,66,96,392156864,1,201,13827866,13827933,67,78,98,28,pin-length-4
392156864,1,13828549,13828656,107,63,73,392156864,1,76,13828732,13828806,74,127,82,392156864,1,318,13829124,13829206,82,71,62,392156864,1,159,13829365,13829439,74,52,135,28,pin-length-4
392156864,1,13830398,13830471,73,69,36,392156864,1,68,13830539,13830605,66,100,94,392156864,1,268,13830873,13830971,98,86,88,392156864,1,136,13831107,13831187,80,105,98,28,pin-length-4
392156864,1,13832196,13832279,83,65,64,392156864,1,50,13832329,13832405,76,136,41,392156864,1,117,13832522,13832596,74,52,61,392156864,1,883,13833479,13833544,65,65,82,28,pin-length-4
392156864,1,13839474,13839557,83,77,55,392156864,1,51,13839608,13839692,84,89,84,392156864,1,99,13839791,13839866,75,69,83,392156864,1,158,13840024,13840081,57,68,104,28,pin-length-4
392156864,1,13796638,13796705,67,91,87,392156864,1,41,13796746,13796820,74,83,133,392156864,1,109,13796929,13797004,75,75,61,392156864,1,225,13797229,13797287,58,64,104,28,pin-length-4
392156864,1,13840983,13841064,81,87,112,392156864,1,51,13841115,13841198,83,60,101,392156864,1,100,13841298,13841389,91,63,95,392156864,1,159,13841548,13841623,75,54,110,28,pin-length-4
392156864,1,19622196,19622262,66,77,77,392156864,1,34,19622296,19622354,58,121,120,392156864,1,125,19622479,19622545,66,109,100,392156864,1,201,19622746,19622803,57,61,12,28,pin-length-4
392156864,1,20072892,20072975,83,83,116,392156864,1,33,20073008,20073050,42,108,106,392156864,1,591,20073641,20073716,75,50,67,392156864,1,716,20074432,20074499,67,65,120,28,pin-length-4
392156864,1,20089555,20089645,90,91,99,392156864,1,26,20089671,20089746,75,116,75,392156864,1,541,20090287,20090394,107,63,71,392156864,1,219,20090613,20090670,57,108,94,28,pin-length-4
392156864,1,20091612,20091669,57,70,72,392156864,1,60,20091729,20091795,66,102,80,392156864,1,258,20092053,20092135,82,82,84,392156864,1,209,20092344,20092402,58,94,89,28,pin-length-4
392156864,1,20099231,20099305,74,65,47,392156864,1,68,20099373,20099439,66,143,110,392156864,1,150,20099589,20099663,74,84,71,392156864,1,184,20099847,20099930,83,120,57,28,pin-length-4
392156864,1,13798989,13799061,72,69,100,392156864,1,34,13799095,13799162,67,91,77,392156864,1,199,13799361,13799426,65,77,112,392156864,1,1119,13800545,13800609,64,60,96,28,pin-length-4
392156864,1,13802451,13802516,65,95,29,392156864,1,184,13802700,13802766,66,103,55,392156864,1,651,13803417,13803474,57,80,71,392156864,1,226,13803700,13803758,58,58,91,28,pin-length-4
392156864,1,13807306,13807372,66,94,83,392156864,1,42,13807414,13807472,58,121,79,392156864,1,184,13807656,13807721,65,79,59,392156864,1,409,13808130,13808171,41,67,98,28,pin-length-4
392156864,1,13808838,13808911,73,66,95,392156864,1,85,13808996,13809071,75,108,84,392156864,1,543,13809614,13809678,64,57,82,392156864,1,143,13809821,13809869,48,110,127,28,pin-length-4
392156864,1,13810869,13810935,66,70,103,392156864,1,69,13811004,13811062,58,110,87,392156864,1,468,13811530,13811593,63,68,118,392156864,1,126,13811719,13811785,66,71,99,28,pin-length-4
392156864,1,13812627,13812700,73,80,97,392156864,1,68,13812768,13812852,84,88,68,392156864,1,326,13813178,13813258,80,73,77,392156864,1,143,13813401,13813475,74,71,106,28,pin-length-4
392156864,1,13815308,13815374,66,66,64,392156864,1,42,13815416,13815499,83,87,87,392156864,1,200,13815699,13815781,82,73,64,392156864,1,218,13815999,13816065,66,63,90,28,pin-length-4
2666666752,0.188235312700272,16037536,16037584,48,124,108,3000000000,0.207843154668808,41,16037625,16037665,40,55,138,3000000000,0.207843154668808,163,16037828,16037867,39,61,116,2666666752,0.188235312700272,22,16037889,16037952,63,103,72,33,pin-length-4
3000000000,0.203921586275101,16360073,16360143,70,94,132,3000000000,0.211764723062515,52,16360195,16360265,70,115,164,3000000000,0.215686291456223,416,16360681,16360732,51,87,154,3000000000,0.203921586275101,42,16360774,16360836,62,90,96,33,pin-length-4
3000000000,0.203921586275101,16361627,16361707,80,90,75,3000000000,0.211764723062515,32,16361739,16361809,70,76,108,3000000000,0.211764723062515,206,16362015,16362073,58,86,158,3000000000,0.203921586275101,31,16362104,16362144,40,85,72,33,pin-length-4
3000000000,0.200000017881393,16363213,16363270,57,106,86,3333333504,0.215686291456223,62,16363332,16363382,50,120,155,3333333504,0.21960785984993,255,16363637,16363689,52,80,146,3000000000,0.203921586275101,60,16363749,16363800,51,83,129,33,pin-length-4
2666666752,0.196078449487686,16364520,16364580,60,120,91,2333333504,0.192156881093979,82,16364662,16364692,30,83,95,2666666752,0.196078449487686,234,16364926,16364956,30,65,153,2666666752,0.200000017881393,52,16365008,16365060,52,83,122,33,pin-length-4
3000000000,0.200000017881393,16365840,16365920,80,115,98,3000000000,0.207843154668808,42,16365962,16366012,50,112,122,3000000000,0.203921586275101,208,16366220,16366256,36,73,168,3000000000,0.207843154668808,21,16366277,16366347,70,86,128,33,pin-length-4
3666666752,0.231372565031052,16380983,16381048,65,104,114,3333333504,0.231372565031052,21,16381069,16381110,41,60,99,3666666752,0.223529428243637,153,16381263,16381315,52,78,142,3666666752,0.227450996637344,29,16381344,16381405,61,103,117,33,pin-length-4
3000000000,0.211764723062515,16383479,16383546,67,98,118,3000000000,0.207843154668808,21,16383567,16383597,30,72,121,3000000000,0.207843154668808,164,16383761,16383790,29,73,157,3000000000,0.211764723062515,10,16383800,16383840,40,91,148,33,pin-length-4
3000000000,0.215686291456223,16385781,16385840,59,121,118,3333333504,0.215686291456223,52,16385892,16385942,50,78,115,3666666752,0.227450996637344,167,16386109,16386169,60,86,149,4333333504,0.243137270212173,8,16386177,16386227,50,93,141,33,pin-length-4
3333333504,0.211764723062515,16386908,16386978,70,116,116,3000000000,0.215686291456223,32,16387010,16387060,50,79,110,3333333504,0.21960785984993,173,16387233,16387274,41,81,157,3000000000,0.215686291456223,30,16387304,16387356,52,104,133,33,pin-length-4
3000000000,0.200000017881393,16392696,16392741,45,79,103,3000000000,0.196078449487686,32,16392773,16392802,29,71,182,2666666752,0.203921586275101,360,16393162,16393218,56,120,162,3000000000,0.196078449487686,32,16393250,16393279,29,114,119,33,pin-length-4
2333333504,0.192156881093979,16039889,16039954,65,104,73,3000000000,0.207843154668808,75,16040029,16040067,38,84,125,3000000000,0.203921586275101,224,16040291,16040349,58,73,120,2666666752,0.200000017881393,32,16040381,16040442,61,90,95,33,pin-length-4
2666666752,0.192156881093979,16393991,16394030,39,97,118,2666666752,0.200000017881393,31,16394061,16394112,51,90,140,3000000000,0.200000017881393,237,16394349,16394386,37,140,164,3000000000,0.200000017881393,42,16394428,16394479,51,114,104,33,pin-length-4
3000000000,0.203921586275101,18688433,18688512,79,88,105,3000000000,0.203921586275101,62,18688574,18688620,46,76,150,3333333504,0.21960785984993,173,18688793,18688862,69,84,150,3333333504,0.223529428243637,11,18688873,18688923,50,143,90,33,pin-length-4
3000000000,0.207843154668808,18689606,18689676,70,121,117,3000000000,0.188235312700272,52,18689728,18689757,29,66,135,3000000000,0.215686291456223,195,18689952,18690002,50,74,127,3333333504,0.223529428243637,65,18690067,18690097,30,98,82,33,pin-length-4
2666666752,0.200000017881393,18690860,18690930,70,98,114,3000000000,0.211764723062515,42,18690972,18691038,66,100,158,3000000000,0.211764723062515,142,18691180,18691231,51,81,148,3333333504,0.215686291456223,10,18691241,18691280,39,91,88,33,pin-length-4
3000000000,0.203921586275101,18691994,18692073,79,129,107,3000000000,0.211764723062515,32,18692105,18692154,49,75,152,3000000000,0.215686291456223,154,18692308,18692348,40,86,146,3000000000,0.207843154668808,21,18692369,18692419,50,91,125,33,pin-length-4
3000000000,0.207843154668808,18693021,18693070,49,95,104,3000000000,0.215686291456223,62,18693132,18693182,50,84,115,3333333504,0.215686291456223,155,18693337,18693387,50,114,177,3000000000,0.203921586275101,20,18693407,18693448,41,92,80,33,pin-length-4
2666666752,0.196078449487686,16041313,16041372,59,97,152,3333333504,0.21960785984993,76,16041448,16041497,49,135,125,2333333504,0.180392161011696,445,16041942,16042000,58,55,130,3000000000,0.207843154668808,22,16042022,16042093,71,77,131,33,pin-length-4
3000000000,0.203921586275101,16350127,16350192,65,89,138,3333333504,0.215686291456223,74,16350266,16350327,61,86,157,3666666752,0.227450996637344,162,16350489,16350537,48,91,168,2666666752,0.196078449487686,22,16350559,16350621,62,106,153,33,pin-length-4
3000000000,0.200000017881393,16351290,16351359,69,131,101,3000000000,0.215686291456223,83,16351442,16351482,40,84,112,3666666752,0.231372565031052,338,16351820,16351868,48,75,170,3000000000,0.203921586275101,31,16351899,16351950,51,115,91,33,pin-length-4
3000000000,0.203921586275101,16352630,16352700,70,115,74,3333333504,0.211764723062515,73,16352773,16352812,39,112,143,3000000000,0.211764723062515,156,16352968,16353005,37,67,165,3000000000,0.215686291456223,31,16353036,16353100,64,85,78,33,pin-length-4
2666666752,0.200000017881393,16353778,16353847,69,96,113,3333333504,0.211764723062515,73,16353920,16353959,39,105,158,3000000000,0.211764723062515,372,16354331,16354386,55,71,161,3000000000,0.215686291456223,32,16354418,16354477,59,85,70,33,pin-length-4
2000000128,0.192156881093979,16355148,16355199,51,99,86,1333333376,0.172549024224281,163,16355362,16355381,19,108,88,2666666752,0.196078449487686,389,16355770,16355807,37,50,143,3000000000,0.215686291456223,65,16355872,16355919,47,85,63,33,pin-length-4
2333333504,0.196078449487686,16358596,16358640,44,117,85,3000000000,0.215686291456223,64,16358704,16358754,50,87,117,3000000000,0.200000017881393,416,16359170,16359229,59,70,157,3000000000,0.211764723062515,53,16359282,16359341,59,125,111,33,pin-length-4
137254912,1,863074906,863074964,58,96,81,117647072,1,166,863075130,863075155,25,106,107,78431376,1,1034,863076189,863076222,33,89,94,137254912,1,268,863076490,863076530,40,119,66,34,pin-length-4
137254912,1,863091849,863091923,74,126,74,117647072,1,126,863092049,863092115,66,103,97,117647072,1,160,863092275,863092340,65,82,123,176470592,1,211,863092551,863092631,80,82,93,34,pin-length-4
98039216,1,863093208,863093256,48,124,100,137254912,1,126,863093382,863093448,66,91,111,117647072,1,192,863093640,863093682,42,96,124,137254912,1,243,863093925,863093973,48,129,127,34,pin-length-4
98039216,1,863094549,863094606,57,131,97,117647072,1,126,863094732,863094780,48,103,100,117647072,1,160,863094940,863094998,58,73,114,156862752,1,217,863095215,863095264,49,96,75,34,pin-length-4
117647072,1,863095832,863095882,50,109,110,117647072,1,134,863096016,863096057,41,52,99,98039216,1,176,863096233,863096290,57,56,124,98039216,1,234,863096524,863096565,41,144,35,34,pin-length-4
117647072,1,863106842,863106917,75,94,52,117647072,1,183,863107100,863107141,41,93,108,98039216,1,594,863107735,863107783,48,96,108,176470592,1,318,863108101,863108165,64,80,65,34,pin-length-4
117647072,1,863108885,863108967,82,119,52,137254912,1,166,863109133,863109190,57,77,83,98039216,1,260,863109450,863109507,57,116,129,137254912,1,285,863109792,863109841,49,91,93,34,pin-length-4
137254912,1,863110468,863110550,82,117,70,117647072,1,209,863110759,863110833,74,90,80,117647072,1,202,863111035,863111117,82,105,121,117647072,1,269,863111386,863111485,99,103,114,34,pin-length-4
137254912,1,863112159,863112233,74,101,79,137254912,1,159,863112392,863112433,41,80,103,98039216,1,226,863112659,863112734,75,65,111,156862752,1,235,863112969,863113034,65,53,131,34,pin-length-4
117647072,1,863114102,863114167,65,110,54,137254912,1,159,863114326,863114375,49,77,77,98039216,1,318,863114693,863114767,74,60,106,156862752,1,461,863115228,863115292,64,122,83,34,pin-length-4
117647072,1,863115968,863116034,66,115,60,137254912,1,142,863116176,863116234,58,95,112,58823536,1,584,863116818,863116884,66,107,91,176470592,1,278,863117162,863117234,72,100,77,34,pin-length-4
137254912,1,863079491,863079539,48,112,84,78431376,1,167,863079706,863079747,41,116,93,117647072,1,186,863079933,863079981,48,75,126,156862752,1,251,863080232,863080280,48,85,79,34,pin-length-4
137254912,1,863118502,863118551,49,106,81,117647072,1,158,863118709,863118749,40,105,95,78431376,1,227,863118976,863119033,57,97,84,176470592,1,277,863119310,863119367,57,70,79,34,pin-length-4
58823536,1,10322957,10323010,53,141,57,58823536,1,100,10323110,10323152,42,120,24,78431376,1,554,10323706,10323769,63,87,77,98039216,1,201,10323970,10324018,48,93,66,34,pin-length-4
78431376,1,10325028,10325052,24,145,70,117647072,1,142,10325194,10325210,16,112,55,78431376,1,545,10325755,10325810,55,89,97,98039216,1,312,10326122,10326143,21,35,75,34,pin-length-4
117647072,1,10327045,10327077,32,115,23,98039216,1,142,10327219,10327252,33,115,33,58823536,1,436,10327688,10327727,39,94,85,78431376,1,217,10327944,10327994,50,86,113,34,pin-length-4
117647072,1,10329038,10329095,57,112,88,78431376,1,107,10329202,10329252,50,62,70,78431376,1,401,10329653,10329711,58,85,100,39215688,1,250,10329961,10329986,25,79,111,34,pin-length-4
78431376,1,10330821,10330877,56,131,79,78431376,1,104,10330981,10331037,56,118,73,98039216,1,383,10331420,10331486,66,77,76,78431376,1,236,10331722,10331753,31,67,89,34,pin-length-4
98039216,1,863081141,863081180,39,120,106,137254912,1,143,863081323,863081364,41,72,124,98039216,1,209,863081573,863081622,49,73,108,137254912,1,260,863081882,863081922,40,165,73,34,pin-length-4
117647072,1,863082741,863082791,50,128,124,137254912,1,132,863082923,863082989,66,57,101,98039216,1,377,863083366,863083440,74,74,150,156862752,1,668,863084108,863084148,40,118,68,34,pin-length-4
117647072,1,863085067,863085115,48,124,116,117647072,1,142,863085257,863085289,32,90,105,98039216,1,184,863085473,863085515,42,76,139,137254912,1,250,863085765,863085805,40,71,98,34,pin-length-4
117647072,1,863086448,863086498,50,112,113,137254912,1,151,863086649,863086688,39,69,121,98039216,1,219,863086907,863086948,41,105,143,156862752,1,252,863087200,863087265,65,101,67,34,pin-length-4
137254912,1,863087816,863087848,32,163,88,137254912,1,151,863087999,863088048,49,91,116,98039216,1,201,863088249,863088281,32,71,141,137254912,1,234,863088515,863088547,32,80,151,34,pin-length-4
117647072,1,863089223,863089256,33,104,91,78431376,1,151,863089407,863089439,32,101,91,78431376,1,185,863089624,863089665,41,47,142,156862752,1,209,863089874,863089932,58,132,89,34,pin-length-4
137254912,1,863090508,863090547,39,109,137,117647072,1,152,863090699,863090731,32,93,113,98039216,1,201,863090932,863090965,33,75,136,117647072,1,262,863091227,863091248,21,106,92,34,pin-length-4
274509824,1,188443243,188443328,85,134.0859375,148.625,156862752,1,74,188443402,188443487,85,141.8203125,121.75,156862752,1,363,188443850,188443955,105,128.1796875,165,313725504,1,214,188444169,188444264,95,166.078125,169.125,36,pin-length-4
137254912,1,188458278,188458342,64,159.046875,131.75,117647072,1,54,188458396,188458490,94,147.09375,114.875,333333344,1,312,188458802,188458874,72,142.2421875,178.75,137254912,1,203,188459077,188459141,64,176.9765625,131.625,36,pin-length-4
137254912,1,188459856,188459930,74,165.0234375,173,274509824,1,85,188460015,188460100,85,178.03125,138.625,313725504,1,290,188460390,188460474,84,190.0546875,206.25,352941184,1,203,188460677,188460762,85,180.140625,186.625,36,pin-length-4
156862752,1,188461499,188461572,73,135.84375,124.875,274509824,1,96,188461668,188461742,74,159.046875,131.125,78431376,1,280,188462022,188462105,83,179.15625,163.75,274509824,1,215,188462320,188462424,104,154.828125,164.75,36,pin-length-4
235294144,1,188463057,188463120,63,201.9375,116.75,156862752,1,75,188463195,188463291,96,199.125,108.625,117647072,1,332,188463623,188463727,104,128.1796875,136.875,294117664,1,205,188463932,188464015,83,121.078125,194.75,36,pin-length-4
313725504,1,188464709,188464794,85,174.8671875,156.125,313725504,1,65,188464859,188464954,95,176.9765625,128.625,196078432,1,341,188465295,188465412,117,111.3046875,125,294117664,1,234,188465646,188465741,95,167.1328125,151,36,pin-length-4
313725504,1,188466395,188466458,63,180.84375,131.125,352941184,1,85,188466543,188466638,95,162.9140625,146.125,274509824,1,436,188467074,188467190,116,123.2578125,136.25,156862752,1,192,188467382,188467466,84,130.921875,131.625,36,pin-length-4
274509824,1,188468132,188468227,95,150.9609375,131.125,117647072,1,64,188468291,188468376,85,144.984375,128,294117664,1,362,188468738,188468801,63,144,125,156862752,1,192,188468993,188469099,106,210.0234375,141,36,pin-length-4
156862752,1,188469878,188469943,65,134.7890625,98.625,156862752,1,84,188470027,188470101,74,133.03125,103.625,156862752,1,393,188470494,188470568,74,143.296875,165,274509824,1,214,188470782,188470866,84,156.9375,162.875,36,pin-length-4
196078432,1,188471623,188471697,74,169.9453125,146.125,156862752,1,75,188471772,188471867,95,186.1171875,126.75,235294144,1,246,188472113,188472197,84,119.0390625,110,313725504,1,213,188472410,188472495,85,161.859375,174.125,36,pin-length-4
117647072,1,188473244,188473286,42,194.90625,139.875,156862752,1,75,188473361,188473445,84,200.8828125,119.875,156862752,1,374,188473819,188473871,52,151.03125,160,352941184,1,204,188474075,188474147,72,165.0234375,114.125,36,pin-length-4
313725504,1,188445239,188445323,84,142.875,148,313725504,1,75,188445398,188445494,96,147.796875,128.625,156862752,1,352,188445846,188445951,105,162.28125,163.125,274509824,1,258,188446209,188446294,85,150.9609375,109.125,36,pin-length-4
215686288,1,188474875,188474949,74,154.125,108,274509824,1,65,188475014,188475119,105,167.1328125,126.125,156862752,1,373,188475492,188475587,95,126.0703125,191.25,117647072,1,259,188475846,188475930,84,154.125,111,36,pin-length-4
137254912,1,105808378,105808513,135,155.8828125,164.875,156862752,1,97,105808610,105808780,170,123.890625,183.625,137254912,1,613,105809393,105809551,158,108.140625,135,313725504,1,353,105809904,105810041,137,165.0234375,179.75,36,pin-length-4
156862752,1,105810778,105810916,138,127.0546875,118.625,333333344,1,108,105811024,105811182,158,109.828125,133.625,235294144,1,446,105811628,105811766,138,158.0625,223.125,352941184,1,425,105812191,105812307,116,159.046875,206,36,pin-length-4
294117664,1,105813253,105813379,126,155.8828125,111.125,313725504,1,76,105813455,105813593,138,129.8671875,128,215686288,1,383,105813976,105814103,127,160.171875,173.75,372549024,1,246,105814349,105814476,127,146.0390625,129.125,36,pin-length-4
372549024,1,105815246,105815382,136,167.1328125,118.625,333333344,1,97,105815479,105815606,127,141.8203125,124.875,294117664,1,602,105816208,105816314,106,143.296875,121.875,333333344,1,213,105816527,105816644,117,131.9765625,114.125,36,pin-length-4
294117664,1,105817162,105817279,117,127.0546875,136.75,313725504,1,75,105817354,105817459,105,95.765625,119.875,117647072,1,468,105817927,105818033,106,149.2734375,136.25,196078432,1,181,105818214,105818331,117,152.015625,134.75,36,pin-length-4
313725504,1,188446999,188447062,63,238.1484375,131.75,196078432,1,65,188447127,188447222,95,179.0859375,118.625,274509824,1,245,188447467,188447541,74,181.265625,200,294117664,1,172,188447713,188447765,52,153.0703125,149.75,36,pin-length-4
58823536,1,188448563,188448605,42,171,129.875,294117664,1,86,188448691,188448776,85,147.09375,103,274509824,1,258,188449034,188449128,94,164.0390625,216.25,156862752,1,140,188449268,188449353,85,122.8359375,124.125,36,pin-length-4
196078432,1,188450057,188450121,64,175.921875,141.125,294117664,1,85,188450206,188450292,86,173.8125,104.875,274509824,1,245,188450537,188450610,73,189,196.25,156862752,1,172,188450782,188450856,74,135.84375,157.875,36,pin-length-4
352941184,1,188451612,188451686,74,165.0234375,153,352941184,1,76,188451762,188451856,94,153.0703125,136.75,274509824,1,247,188452103,188452198,95,162.984375,225,352941184,1,192,188452390,188452485,95,160.1015625,119.125,36,pin-length-4
274509824,1,188453221,188453285,64,176.9765625,149.875,313725504,1,74,188453359,188453444,85,179.0859375,118,196078432,1,256,188453700,188453827,127,94.078125,130,274509824,1,224,188454051,188454146,95,143.9296875,66.625,36,pin-length-4
313725504,1,188454914,188454988,74,152.015625,168.625,274509824,1,43,188455031,188455116,85,180.84375,83,274509824,1,290,188455406,188455479,73,181.265625,153.75,156862752,1,203,188455682,188455777,95,208.96875,162.875,36,pin-length-4
274509824,1,188456607,188456671,64,174.8671875,91.75,294117664,1,96,188456767,188456840,73,154.828125,111.75,313725504,1,322,188457162,188457246,84,162.28125,193.125,294117664,1,181,188457427,188457491,64,174.8671875,149.75,36,pin-length-4
0,1,103116994,103117074,80,108,110,0,1,286,103117360,103117448,88,113,103,0,1,503,103117951,103118109,158,133,73,0,1,333,103118442,103118515,73,154,56,37,pin-length-4
0,1,103277002,103277075,73,105,124,0,1,135,103277210,103277300,90,117,108,0,1,134,103277434,103277499,65,126,84,0,1,177,103277676,103277761,85,109,59,37,pin-length-4
0,1,103278477,103278550,73,79,91,0,1,119,103278669,103278742,73,99,92,0,1,143,103278885,103278959,74,145,94,0,1,184,103279143,103279217,74,84,119,37,pin-length-4
0,1,103279845,103279926,81,115,84,0,1,117,103280043,103280126,83,99,86,0,1,125,103280251,103280317,66,129,68,0,1,176,103280493,103280567,74,77,114,37,pin-length-4
0,1,103281396,103281460,64,91,75,0,1,109,103281569,103281643,74,74,107,0,1,134,103281777,103281835,58,118,69,0,1,208,103282043,103282110,67,83,91,37,pin-length-4
0,1,103282989,103283060,71,92,78,0,1,101,103283161,103283244,83,103,74,0,1,134,103283378,103283444,66,154,62,0,1,192,103283636,103283677,41,142,73,37,pin-length-4
0,1,103284697,103284761,64,114,96,0,1,125,103284886,103284961,75,60,129,0,1,126,103285087,103285144,57,137,97,0,1,176,103285320,103285386,66,82,156,37,pin-length-4
0,1,103286513,103286595,82,92,119,0,1,100,103286695,103286778,83,68,91,0,1,135,103286913,103286978,65,148,136,0,1,244,103287222,103287295,73,137,130,37,pin-length-4
0,1,103287992,103288078,86,97,78,0,1,101,103288179,103288270,91,75,98,0,1,117,103288387,103288462,75,98,65,0,1,160,103288622,103288678,56,77,127,37,pin-length-4
0,1,103289763,103289837,74,85,106,0,1,109,103289946,103290012,66,49,103,0,1,129,103290141,103290204,63,115,93,0,1,160,103290364,103290437,73,81,116,37,pin-length-4
0,1,103291116,103291188,72,80,57,0,1,111,103291299,103291380,81,106,85,0,1,100,103291480,103291563,83,131,71,0,1,159,103291722,103291779,57,64,146,37,pin-length-4
0,1,103260022,103260094,72,76,114,0,1,218,103260312,103260394,82,109,82,0,1,320,103260714,103260795,81,124,93,0,1,771,103261566,103261628,62,107,119,37,pin-length-4
0,1,103292465,103292530,65,90,92,0,1,110,103292640,103292713,73,58,114,0,1,127,103292840,103292897,57,108,81,0,1,158,103293055,103293104,49,80,83,37,pin-length-4
0,1,345824945,345825035,90,123,79,0,1,143,345825178,345825261,83,130,68,0,1,167,345825428,345825511,83,121,82,0,1,151,345825662,345825761,99,89,101,37,pin-length-4
0,1,345826512,345826578,66,110,91,0,1,193,345826771,345826853,82,113,121,0,1,193,345827046,345827120,74,140,77,0,1,170,345827290,345827370,80,106,114,37,pin-length-4
0,1,345828171,345828220,49,106,107,0,1,217,345828437,345828512,75,103,91,0,1,209,345828721,345828787,66,117,95,0,1,192,345828979,345829079,100,107,112,37,pin-length-4
0,1,345829979,345830063,84,110,82,0,1,158,345830221,345830312,91,110,101,0,1,176,345830488,345830579,91,118,87,0,1,193,345830772,345830854,82,98,101,37,pin-length-4
0,1,345831690,345831771,81,99,93,0,1,201,345831972,345832054,82,99,121,0,1,201,345832255,345832321,66,119,104,0,1,184,345832505,345832605,100,109,109,37,pin-length-4
0,1,103263524,103263604,80,107,83,0,1,577,103264181,103264245,64,88,93,0,1,294,103264539,103264638,99,139,108,0,1,217,103264855,103264929,74,171,103,37,pin-length-4
0,1,103265722,103265813,91,108,78,0,1,126,103265939,103266013,74,82,101,0,1,136,103266149,103266221,72,108,114,0,1,176,103266397,103266455,58,115,117,37,pin-length-4
0,1,103267149,103267205,56,101,114,0,1,126,103267331,103267413,82,112,87,0,1,142,103267555,103267630,75,159,82,0,1,185,103267815,103267880,65,84,109,37,pin-length-4
0,1,103270781,103270873,92,105,91,0,1,92,103270965,103271048,83,80,119,0,1,159,103271207,103271281,74,84,68,0,1,184,103271465,103271531,66,154,98,37,pin-length-4
0,1,103272533,103272598,65,75,75,0,1,93,103272691,103272765,74,99,96,0,1,152,103272917,103272990,73,130,67,0,1,185,103273175,103273232,57,61,87,37,pin-length-4
0,1,103273958,103274041,83,94,91,0,1,134,103274175,103274241,66,101,80,0,1,150,103274391,103274448,57,99,108,0,1,202,103274650,103274715,65,76,118,37,pin-length-4
0,1,103275470,103275532,62,100,87,0,1,143,103275675,103275760,85,107,59,0,1,148,103275908,103275983,75,142,59,0,1,192,103276175,103276249,74,51,102,37,pin-length-4
2196078592,0.21960785984993,26678631,26678741,110,140,140,1803921664,0.180392161011696,452,26679193,26679304,111,220,201,1843137280,0.184313729405403,1023,26680327,26680417,90,177,129,1921568768,0.192156881093979,246,26680663,26680745,82,169,102,39,pin-length-4
2117647232,0.211764723062515,26735914,26736060,146,71,168,2235294208,0.223529428243637,149,26736209,26736341,132,173,184,2117647232,0.211764723062515,138,26736479,26736562,83,118,92,2392156928,0.239215701818466,159,26736721,26736779,58,215,111,39,pin-length-4
1843137280,0.184313729405403,26737732,26737859,127,186,88,2156862976,0.215686291456223,217,26738076,26738201,125,175,150,2078431488,0.207843154668808,117,26738318,26738402,84,157,168,2117647232,0.211764723062515,150,26738552,26738611,59,237,164,39,pin-length-4
1882353152,0.188235312700272,26740025,26740192,167,134,69,2117647232,0.211764723062515,164,26740356,26740465,109,165,150,2117647232,0.211764723062515,121,26740586,26740675,89,104,159,2470588416,0.247058838605881,126,26740801,26740903,102,156,205,39,pin-length-4
2000000128,0.200000017881393,26741587,26741731,144,174,43,2000000128,0.200000017881393,162,26741893,26742026,133,143,140,2000000128,0.200000017881393,122,26742148,26742233,85,106,158,2196078592,0.21960785984993,128,26742361,26742456,95,168,176,39,pin-length-4
2470588416,0.247058838605881,26743153,26743294,141,218,84,1921568768,0.192156881093979,92,26743386,26743520,134,132,157,2039215872,0.203921586275101,156,26743676,26743772,96,157,124,2196078592,0.21960785984993,150,26743922,26744008,86,96,174,39,pin-length-4
1921568768,0.192156881093979,26744639,26744782,143,178,72,2000000128,0.200000017881393,164,26744946,26745055,109,122,117,2078431488,0.207843154668808,129,26745184,26745232,48,91,132,2235294208,0.223529428243637,170,26745402,26745475,73,133,161,39,pin-length-4
2078431488,0.207843154668808,26746117,26746248,131,167,84,2078431488,0.207843154668808,131,26746379,26746499,120,110,162,2039215872,0.203921586275101,144,26746643,26746738,95,96,193,2274510080,0.227450996637344,108,26746846,26746921,75,134,203,39,pin-length-4
2078431488,0.207843154668808,26747482,26747636,154,199,103,2000000128,0.200000017881393,112,26747748,26747868,120,104,200,2078431488,0.207843154668808,95,26747963,26748054,91,165,136,2117647232,0.211764723062515,100,26748154,26748240,86,130,174,39,pin-length-4
2078431488,0.207843154668808,26748889,26749031,142,161,78,2039215872,0.203921586275101,230,26749261,26749357,96,165,131,1921568768,0.192156881093979,120,26749477,26749579,102,177,96,2274510080,0.227450996637344,154,26749733,26749822,89,172,131,39,pin-length-4
2117647232,0.211764723062515,26750522,26750667,145,170,88,2000000128,0.200000017881393,78,26750745,26750869,124,127,162,2117647232,0.211764723062515,99,26750968,26751043,75,136,112,2235294208,0.223529428243637,124,26751167,26751243,76,184,158,39,pin-length-4
2156862976,0.215686291456223,26683751,26683868,117,177,137,1843137280,0.184313729405403,437,26684305,26684417,112,169,177,1803921664,0.180392161011696,278,26684695,26684784,89,138,79,2039215872,0.203921586275101,196,26684980,26685052,72,164,124,39,pin-length-4
2352941312,0.235294133424759,26757160,26757310,150,214,123,2039215872,0.203921586275101,74,26757384,26757489,105,137,135,2039215872,0.203921586275101,141,26757630,26757729,99,92,161,2117647232,0.211764723062515,131,26757860,26757920,60,116,164,39,pin-length-4
2117647232,0.211764723062515,201215271,201215414,143,113,148,2039215872,0.203921586275101,182,201215596,201215720,124,182,187,2274510080,0.227450996637344,130,201215850,201215963,113,172,159,2392156928,0.239215701818466,116,201216079,201216193,114,129,207,39,pin-length-4
2196078592,0.21960785984993,201218205,201218330,125,125,135,2470588416,0.247058838605881,137,201218467,201218585,118,184,142,2117647232,0.211764723062515,138,201218723,201218834,111,119,143,2078431488,0.207843154668808,31,201218865,201218983,118,146,179,39,pin-length-4
2235294208,0.223529428243637,201220934,201221054,120,127,103,2313725696,0.231372565031052,617,201221671,201221799,128,125,164,2352941312,0.235294133424759,193,201221992,201222104,112,155,102,2235294208,0.223529428243637,60,201222164,201222271,107,88,156,39,pin-length-4
2784313856,0.278431385755539,201223481,201223610,129,191,88,2039215872,0.203921586275101,204,201223814,201223928,114,172,197,2509804032,0.250980406999588,116,201224044,201224138,94,129,123,2117647232,0.211764723062515,12,201224150,201224253,103,79,169,39,pin-length-4
2392156928,0.239215701818466,201225610,201225750,140,126,125,2470588416,0.247058838605881,88,201225838,201225961,123,169,205,2588235520,0.258823543787003,134,201226095,201226188,93,116,143,2274510080,0.227450996637344,43,201226231,201226325,94,136,142,39,pin-length-4
1960784512,0.196078449487686,26690741,26690852,111,182,129,1882353152,0.188235312700272,562,26691414,26691520,106,171,160,1764705920,0.176470592617989,313,26691833,26691925,92,154,149,1921568768,0.192156881093979,129,26692054,26692148,94,184,119,39,pin-length-4
2117647232,0.211764723062515,26698462,26698558,96,178,158,2235294208,0.223529428243637,285,26698843,26698944,101,69,83,1921568768,0.192156881093979,224,26699168,26699213,45,147,124,2196078592,0.21960785984993,139,26699352,26699429,77,218,136,39,pin-length-4
2196078592,0.21960785984993,26700263,26700399,136,167,145,1921568768,0.192156881093979,26,26700425,26700570,145,213,177,2039215872,0.203921586275101,111,26700681,26700765,84,121,158,2235294208,0.223529428243637,127,26700892,26700975,83,103,211,39,pin-length-4
2039215872,0.203921586275101,26701728,26701839,111,142,135,2196078592,0.21960785984993,92,26701931,26702023,92,149,157,2196078592,0.21960785984993,92,26702115,26702219,104,190,216,2588235520,0.258823543787003,145,26702364,26702447,83,194,186,39,pin-length-4
2117647232,0.211764723062515,26706221,26706315,94,164,166,1921568768,0.192156881093979,308,26706623,26706715,92,147,131,1843137280,0.184313729405403,161,26706876,26706957,81,64,151,1843137280,0.184313729405403,140,26707097,26707173,76,126,80,39,pin-length-4
2039215872,0.203921586275101,26707468,26707566,98,139,89,2078431488,0.207843154668808,343,26707909,26707998,89,68,178,2039215872,0.203921586275101,168,26708166,26708247,81,130,149,1960784512,0.196078449487686,121,26708368,26708450,82,199,109,39,pin-length-4
2000000128,0.200000017881393,26708982,26709039,57,170,27,1843137280,0.184313729405403,25056,26734095,26734192,97,145,198,1960784512,0.196078449487686,512,26734704,26734762,58,76,158,2039215872,0.203921586275101,139,26734901,26734952,51,191,128,39,pin-length-4
0,1,495173694,495173786,92,133.776138305664,112.553833007813,0,1,172,495173958,495174032,74,106.801116943359,77.4721069335938,0,1,1006,495175038,495175109,71,124.484741210938,99.460693359375,0,1,140,495175249,495175313,64,99.5078735351563,98.5611572265625,41,pin-length-4
0,1,504263607,504263734,127,58.8455200195313,152.533020019531,0,1,470,504264204,504264306,102,100.806655883789,105.45751953125,0,1,64,504264370,504264444,74,132.477355957031,106.45703125,0,1,128,504264572,504264635,63,106.501403808594,135.541870117188,41,pin-length-4
0,1,504275198,504275289,91,70.8344116210938,122.548645019531,0,1,107,504275396,504275480,84,109.79833984375,151.43359375,0,1,86,504275566,504275661,95,131.478271484375,125.447143554688,0,1,128,504275789,504275874,85,116.492126464844,131.5439453125,41,pin-length-4
0,1,504277226,504277327,101,75.8297882080078,136.541381835938,0,1,129,504277456,504277551,95,82.8233184814453,118.450805664063,0,1,53,504277604,504277699,95,99.5078735351563,137.44091796875,0,1,149,504277848,504277922,74,122.486572265625,130.544494628906,41,pin-length-4
0,1,504278826,504278930,104,76.828857421875,149.534606933594,0,1,107,504279037,504279120,83,94.8122100830078,79.4710693359375,0,1,34,504279154,504279248,94,134.475463867188,103.458618164063,0,1,119,504279367,504279439,72,114.494018554688,108.555969238281,41,pin-length-4
0,1,504283848,504283962,114,70.8344116210938,141.538757324219,0,1,96,504284058,504284152,94,89.8168334960937,88.4664306640625,0,1,33,504284185,504284280,95,134.475463867188,77.4721069335938,0,1,118,504284398,504284471,73,106.501403808594,111.554382324219,41,pin-length-4
0,1,504285515,504285617,102,49.8538360595703,118.550720214844,0,1,108,504285725,504285819,94,78.8270111083984,101.459594726563,0,1,54,504285873,504285968,95,111.496765136719,113.453369140625,0,1,117,504286085,504286159,74,119.489379882813,125.547119140625,41,pin-length-4
0,1,504286947,504287041,94,73.8316345214844,147.53564453125,0,1,117,504287158,504287254,96,71.83349609375,132.443481445313,0,1,43,504287297,504287392,95,115.493041992188,128.445556640625,0,1,128,504287520,504287582,62,100.506958007813,133.542907714844,41,pin-length-4
0,1,504288639,504288752,113,73.8316345214844,132.54345703125,0,1,106,504288858,504288953,95,95.811279296875,105.45751953125,0,1,44,504288997,504289080,83,129.480102539063,103.458618164063,0,1,108,504289188,504289273,85,114.494018554688,113.553344726563,41,pin-length-4
0,1,504290009,504290099,90,70.8344116210938,146.5361328125,0,1,87,504290186,504290282,96,105.802032470703,117.451293945313,0,1,10,504290292,504290376,84,147.463439941406,103.458618164063,0,1,118,504290494,504290567,73,86.5198974609375,146.5361328125,41,pin-length-4
0,1,504291473,504291554,81,81.8242340087891,150.534057617188,0,1,87,504291641,504291746,105,67.8371887207031,110.454956054688,0,1,32,504291778,504291863,85,122.486572265625,115.452392578125,0,1,363,504292226,504292287,61,141.468994140625,139.539794921875,41,pin-length-4
0,1,495181551,495181642,91,104.802963256836,108.555969238281,0,1,150,495181792,495181855,63,105.802032470703,103.458618164063,0,1,150,495182005,495182100,95,60.5439453125,115.452392578125,0,1,140,495182240,495182325,85,147.463439941406,116.5517578125,41,pin-length-4
0,1,504293139,504293232,93,83.8223876953125,163.527282714844,0,1,107,504293339,504293423,84,66.8381195068359,122.44873046875,0,1,11,504293434,504293529,95,154.456970214844,116.451782226563,0,1,97,504293626,504293688,62,106.501403808594,136.541381835938,41,pin-length-4
0,1,586917657,586917749,92,64.8399658203125,159.529418945313,0,1,110,586917859,586917952,93,84.8214569091797,106.45703125,0,1,76,586918028,586918134,106,126.48291015625,72.4747314453125,0,1,119,586918253,586918316,63,89.51708984375,117.55126953125,41,pin-length-4
0,1,586919035,586919151,116,55.8482971191406,123.548156738281,0,1,117,586919268,586919343,75,91.8149871826172,135.44189453125,0,1,43,586919386,586919460,74,125.483825683594,86.4674682617187,0,1,120,586919580,586919653,73,109.498596191406,117.55126953125,41,pin-length-4
0,1,586949930,586950009,79,72.8325653076172,160.528869628906,0,1,110,586950119,586950214,95,70.8344116210938,105.45751953125,0,1,42,586950256,586950341,85,147.463439941406,65.4783935546875,0,1,119,586950460,586950522,62,129.480102539063,120.549682617188,41,pin-length-4
0,1,586993129,586993233,104,70.8344116210938,171.523132324219,0,1,108,586993341,586993415,74,43.8593902587891,144.437255859375,0,1,215,586993630,586993694,64,116.492126464844,86.4674682617187,0,1,118,586993812,586993897,85,125.483825683594,147.53564453125,41,pin-length-4
0,1,587009106,587009218,112,40.8621673583984,107.556457519531,0,1,451,587009669,587009784,115,49.8538360595703,101.459594726563,0,1,338,587010122,587010178,56,122.486572265625,125.447143554688,0,1,346,587010524,587010596,72,127.48193359375,132.54345703125,41,pin-length-4
0,1,495204544,495204644,100,105.802032470703,109.555419921875,0,1,150,495204794,495204869,75,99.8075866699219,40.4913940429688,0,1,271,495205140,495205209,69,115.493041992188,93.4637451171875,0,1,161,495205370,495205446,76,119.489379882813,116.5517578125,41,pin-length-4
0,1,495209980,495210062,82,106.801116943359,99.5606079101563,0,1,131,495210193,495210286,93,160.751159667969,73.4741821289063,0,1,140,495210426,495210499,73,140.469909667969,53.484619140625,0,1,130,495210629,495210703,74,130.479187011719,109.555419921875,41,pin-length-4
0,1,495214225,495214338,113,132.777053833008,94.563232421875,0,1,140,495214478,495214563,85,102.804809570313,62.4799194335938,0,1,171,495214734,495214797,63,92.5143432617188,152.43310546875,0,1,161,495214958,495215022,64,157.454223632813,121.549194335938,41,pin-length-4
0,1,495229187,495229271,84,127.781677246094,122.548645019531,0,1,140,495229411,495229474,63,120.788162231445,97.461669921875,0,1,182,495229656,495229720,64,110.497680664063,122.44873046875,0,1,150,495229870,495229933,63,132.477355957031,112.553833007813,41,pin-length-4
0,1,495231690,495231769,79,86.8196105957031,145.536682128906,0,1,152,495231921,495231985,64,125.783538818359,101.459594726563,0,1,149,495232134,495232196,62,126.48291015625,141.438842773438,0,1,151,495232347,495232399,52,129.480102539063,121.549194335938,41,pin-length-4
0,1,495233426,495233499,73,114.793716430664,103.558532714844,0,1,150,495233649,495233701,52,126.782608032227,78.4716186523437,0,1,193,495233894,495233946,52,150.460693359375,142.438232421875,0,1,151,495234097,495234150,53,147.463439941406,147.53564453125,41,pin-length-4
0,1,496771096,496771210,114,142.767807006836,122.548645019531,0,1,149,496771359,496771446,87,91.8149871826172,81.4700317382813,0,1,323,496771769,496771849,80,53.5504150390625,117.451293945313,0,1,162,496772011,496772096,85,93.513427734375,132.54345703125,41,pin-length-4
509803968,1,77834116,77834207,91,27.8613052368164,42.6259155273438,431372576,1,697,77834904,77834993,89,63.2122192382812,59.61474609375,431372576,1,512,77835505,77835586,81,21.86962890625,84.5983276367187,274509824,1,234,77835820,77835902,82,63.5118103027344,61.6134033203125,42,pin-length-4
470588288,1,77956151,77956263,112,46.8349533081055,39.6278686523437,235294144,1,91,77956354,77956420,66,86.1802978515625,43.625244140625,352941184,1,362,77956782,77956871,89,64.8099822998047,47.6226196289062,313725504,1,68,77956939,77957016,77,92.4715881347656,78.6022338867187,42,pin-length-4
313725504,1,77957775,77957885,110,38.8460464477539,66.6101684570313,235294144,1,65,77957950,77958024,74,71.2011108398437,94.5917358398438,156862752,1,255,77958279,77958309,30,42.8404998779297,46.623291015625,352941184,1,252,77958561,77958626,65,54.5242919921875,71.6068725585938,42,pin-length-4
313725504,1,77959395,77959494,99,50.8294067382812,52.6193237304688,235294144,1,103,77959597,77959662,65,104.155334472656,95.591064453125,235294144,1,264,77959926,77960012,86,43.839111328125,64.6114501953125,352941184,1,188,77960200,77960272,72,93.4701843261719,73.6055297851563,42,pin-length-4
274509824,1,77961032,77961115,83,62.8127593994141,57.6160278320313,274509824,1,399,77961514,77961592,78,71.2011108398437,78.6022338867187,274509824,1,238,77961830,77961933,103,57.8197021484375,76.6035766601563,352941184,1,111,77962044,77962114,70,80.4882202148437,63.6121215820313,42,pin-length-4
313725504,1,77963073,77963180,107,50.8294067382812,53.6187133789062,274509824,1,246,77963426,77963513,87,77.1928100585938,78.6022338867187,313725504,1,510,77964023,77964122,99,62.8127593994141,58.6154174804688,313725504,1,121,77964243,77964323,80,72.4993286132812,92.593017578125,42,pin-length-4
352941184,1,77966481,77966571,90,26.8626937866211,34.6311645507812,313725504,1,227,77966798,77966880,82,53.22607421875,65.6107788085938,313725504,1,705,77967585,77967699,114,43.839111328125,64.6114501953125,274509824,1,100,77967799,77967877,78,53.5256652832031,90.5943603515625,42,pin-length-4
313725504,1,77968715,77968810,95,45.8363418579102,73.6055297851563,274509824,1,142,77968952,77969054,102,64.2108154296875,72.606201171875,313725504,1,218,77969272,77969361,89,56.8210906982422,55.6173706054688,313725504,1,111,77969472,77969536,64,70.5020751953125,73.6055297851563,42,pin-length-4
313725504,1,77970289,77970405,116,59.8169250488281,62.61279296875,235294144,1,127,77970532,77970615,83,54.2246704101563,89.5950317382813,313725504,1,171,77970786,77970840,54,53.8252487182617,60.6140747070313,352941184,1,145,77970985,77971040,55,74.4965515136719,75.604248046875,42,pin-length-4
352941184,1,77972555,77972670,115,50.8294067382812,50.6206665039062,274509824,1,101,77972771,77972837,66,65.20947265625,67.6094970703125,313725504,1,275,77973112,77973196,84,64.8099822998047,60.6140747070313,392156864,1,83,77973279,77973346,67,81.4868469238281,72.606201171875,42,pin-length-4
274509824,1,77977599,77977682,83,39.8446655273437,55.6173706054688,352941184,1,75,77977757,77977840,83,76.1942138671875,73.6055297851563,352941184,1,357,77978197,77978284,87,45.8363418579102,55.6173706054688,352941184,1,101,77978385,77978442,57,66.5076293945313,76.6035766601563,42,pin-length-4
235294144,1,77937638,77937708,70,59.8169250488281,73.6055297851563,274509824,1,644,77938352,77938425,73,80.1886596679688,70.6074829101563,274509824,1,236,77938661,77938735,74,38.8460464477539,61.6134033203125,352941184,1,159,77938894,77938952,58,50.5298156738281,76.6035766601563,42,pin-length-4
274509824,1,77980060,77980155,95,65.8086090087891,81.6002807617187,313725504,1,84,77980239,77980313,74,65.20947265625,62.61279296875,352941184,1,262,77980575,77980639,64,58.8183135986328,50.6206665039062,274509824,1,119,77980758,77980831,73,87.478515625,46.623291015625,42,pin-length-4
352941184,1,192597631,192597721,90,40.8432769775391,51.6199951171875,313725504,1,384,192598105,192598188,83,87.178955078125,64.6114501953125,352941184,1,145,192598333,192598398,65,50.8294067382812,29.6344604492187,431372576,1,125,192598523,192598582,59,66.5076293945313,69.608154296875,42,pin-length-4
313725504,1,192599576,192599642,66,45.8363418579102,48.6219482421875,235294144,1,151,192599793,192599885,92,76.1942138671875,51.6199951171875,274509824,1,109,192599994,192600069,75,63.8113708496094,52.6193237304688,431372576,1,134,192600203,192600277,74,60.5159606933594,77.6029052734375,42,pin-length-4
313725504,1,192601072,192601155,83,73.7975006103516,48.6219482421875,352941184,1,101,192601256,192601339,83,76.1942138671875,69.608154296875,392156864,1,175,192601514,192601598,84,62.8127593994141,66.6101684570313,431372576,1,96,192601694,192601757,63,74.4965515136719,91.5936889648438,42,pin-length-4
352941184,1,192602426,192602498,72,45.8363418579102,60.6140747070313,352941184,1,43,192602541,192602616,75,74.1969604492188,65.6107788085938,392156864,1,178,192602794,192602859,65,82.7850189208984,56.61669921875,431372576,1,92,192602951,192603027,76,74.4965515136719,65.6107788085938,42,pin-length-4
313725504,1,192603779,192603870,91,43.839111328125,45.6239624023438,431372576,1,101,192603971,192604045,74,96.1664428710938,50.6206665039062,392156864,1,228,192604273,192604354,81,46.8349533081055,63.6121215820313,470588288,1,78,192604432,192604499,67,72.4993286132812,93.5924072265625,42,pin-length-4
156862752,1,77941728,77941817,89,46.8349533081055,47.6226196289062,274509824,1,663,77942480,77942585,105,63.2122192382812,57.6160278320313,392156864,1,205,77942790,77942879,89,42.8404998779297,41.6265869140625,352941184,1,134,77943013,77943087,74,47.5339965820313,69.608154296875,42,pin-length-4
235294144,1,77944300,77944399,99,53.8252487182617,54.6180419921875,274509824,1,141,77944540,77944625,85,78.19140625,68.6088256835938,274509824,1,200,77944825,77944907,82,41.8418884277344,55.6173706054688,392156864,1,127,77945034,77945100,66,69.5034790039063,79.6015625,42,pin-length-4
274509824,1,77946683,77946799,116,58.8183135986328,51.6199951171875,235294144,1,116,77946915,77946997,82,71.2011108398437,88.595703125,235294144,1,395,77947392,77947480,88,57.8197021484375,55.6173706054688,352941184,1,112,77947592,77947665,73,58.5187377929688,65.6107788085938,42,pin-length-4
235294144,1,77948400,77948519,119,41.8418884277344,58.6154174804688,313725504,1,159,77948678,77948768,90,74.1969604492188,72.606201171875,274509824,1,366,77949134,77949219,85,34.8516006469727,58.6154174804688,352941184,1,77,77949296,77949353,57,52.5270385742188,71.6068725585938,42,pin-length-4
313725504,1,77950197,77950305,108,59.8169250488281,47.6226196289062,235294144,1,94,77950399,77950480,81,73.1983642578125,51.6199951171875,313725504,1,253,77950733,77950815,82,64.8099822998047,74.6048583984375,274509824,1,92,77950907,77950982,75,49.5312194824219,83.5989379882813,42,pin-length-4
313725504,1,77952131,77952255,124,58.8183135986328,60.6140747070313,313725504,1,98,77952353,77952443,90,59.2177734375,64.6114501953125,313725504,1,353,77952796,77952870,74,49.8307952880859,49.621337890625,352941184,1,92,77952962,77953045,83,52.5270385742188,71.6068725585938,42,pin-length-4
274509824,1,77953932,77954023,91,48.8321838378906,60.6140747070313,235294144,1,324,77954347,77954415,68,46.2357788085938,92.593017578125,313725504,1,187,77954602,77954682,80,60.8155364990234,58.6154174804688,352941184,1,147,77954829,77954900,71,68.5048522949219,82.599609375,42,pin-length-4
156862752,0.168627455830574,17313545,17313640,95,87.5189819335938,89.3985595703125,156862752,0.176470592617989,83,17313723,17313830,107,94.8122100830078,50.4903564453125,156862752,0.200000017881393,217,17314047,17314130,83,69.8353424072266,126.608276367188,117647072,0.172549024224281,151,17314281,17314363,82,106.801116943359,96.470703125,43,pin-length-4
117647072,0.172549024224281,17366230,17366329,99,123.485656738281,107.390869140625,117647072,0.121568635106087,414,17366743,17366831,88,77.8279418945313,70.4818115234375,117647072,0.164705887436867,192,17367023,17367156,133,35.8667907714844,116.612548828125,117647072,0.14509804546833,150,17367306,17367380,74,84.8214569091797,19.503662109375,43,pin-length-4
156862752,0.149019613862038,17367949,17368039,90,128.481018066406,72.40576171875,78431376,0.113725498318672,409,17368448,17368523,75,89.8168334960937,104.46728515625,117647072,0.141176477074623,225,17368748,17368830,82,41.8612365722656,91.6232299804688,117647072,0.14509804546833,184,17369014,17369073,59,78.8270111083984,83.476318359375,43,pin-length-4
117647072,0.16078431904316,17371317,17371397,80,136.4736328125,100.393798828125,117647072,0.168627455830574,161,17371558,17371657,99,52.8510589599609,92.472412109375,117647072,0.152941182255745,191,17371848,17371943,95,73.8316345214844,47.6420288085938,117647072,0.168627455830574,139,17372082,17372141,59,85.8205413818359,31.49853515625,43,pin-length-4
117647072,0.16078431904316,17372984,17373057,73,125.483825683594,84.400634765625,156862752,0.14509804546833,175,17373232,17373316,84,75.8297882080078,78.4783935546875,117647072,0.152941182255745,150,17373466,17373558,92,53.8501434326172,107.616394042969,156862752,0.156862750649452,168,17373726,17373775,49,64.8399658203125,96.470703125,43,pin-length-4
156862752,0.168627455830574,17374453,17374525,72,120.488464355469,92.397216796875,156862752,0.152941182255745,175,17374700,17374792,92,68.8362579345703,74.4801025390625,156862752,0.168627455830574,191,17374983,17375042,59,52.8510589599609,66.6339111328125,117647072,0.152941182255745,157,17375199,17375293,94,78.8270111083984,54.4886474609375,43,pin-length-4
156862752,0.176470592617989,17375879,17375959,80,119.489379882813,63.40966796875,156862752,0.156862750649452,91,17376050,17376142,92,41.8612365722656,45.4925537109375,117647072,0.156862750649452,185,17376327,17376426,99,34.8677215576172,42.6441650390625,156862752,0.149019613862038,159,17376585,17376651,66,60.8436584472656,40.49462890625,43,pin-length-4
156862752,0.156862750649452,17380714,17380785,71,104.503234863281,63.40966796875,117647072,0.14509804546833,183,17380968,17381077,109,56.8473663330078,82.4766845703125,117647072,0.133333340287209,134,17381211,17381334,123,50.8529205322266,94.6219482421875,117647072,0.149019613862038,160,17381494,17381567,73,46.8566131591797,85.4754638671875,43,pin-length-4
156862752,0.164705887436867,17382355,17382434,79,118.490295410156,97.3951416015625,156862752,0.16078431904316,194,17382628,17382728,100,65.8390350341797,52.489501953125,156862752,0.156862750649452,167,17382895,17382994,99,37.8649444580078,86.6253662109375,156862752,0.152941182255745,151,17383145,17383234,89,51.8519897460938,63.48486328125,43,pin-length-4
156862752,0.164705887436867,17383978,17384061,83,122.486572265625,89.3985595703125,156862752,0.172549024224281,159,17384220,17384319,99,76.828857421875,40.49462890625,156862752,0.176470592617989,167,17384486,17384603,117,50.8529205322266,88.62451171875,117647072,0.152941182255745,151,17384754,17384835,81,43.8593902587891,97.4703369140625,43,pin-length-4
156862752,0.172549024224281,17389121,17389213,92,128.481018066406,78.4031982421875,117647072,0.14509804546833,201,17389414,17389496,82,52.8510589599609,71.4814453125,117647072,0.176470592617989,168,17389664,17389763,99,86.8196105957031,127.607849121094,117647072,0.129411771893501,158,17389921,17390013,92,70.8344116210938,129.456665039063,43,pin-length-4
156862752,0.184313729405403,17347061,17347150,89,119.489379882813,87.3994140625,156862752,0.168627455830574,84,17347234,17347316,82,96.8103637695313,62.4852294921875,156862752,0.172549024224281,202,17347518,17347607,89,118.790008544922,44.643310546875,117647072,0.172549024224281,194,17347801,17347890,89,90.81591796875,90.4732666015625,43,pin-length-4
156862752,0.192156881093979,17390767,17390847,80,120.488464355469,57.4122314453125,156862752,0.164705887436867,151,17390998,17391080,82,86.8196105957031,121.460083007813,156862752,0.172549024224281,174,17391254,17391354,100,77.8279418945313,89.6240844726563,117647072,0.156862750649452,184,17391538,17391604,66,46.8566131591797,93.4720458984375,43,pin-length-4
196078432,0.200000017881393,93195138,93195219,81,120.488464355469,78.4031982421875,156862752,0.176470592617989,1735,93196954,93197051,97,85.8205413818359,91.472900390625,156862752,0.168627455830574,152,93197203,93197285,82,53.8501434326172,79.6283569335938,235294144,0.211764723062515,234,93197519,93197619,100,80.8251647949219,49.4908447265625,43,pin-length-4
156862752,0.192156881093979,93200023,93200086,63,130.479187011719,64.4091796875,156862752,0.188235312700272,68,93200154,93200228,74,86.8196105957031,61.4857177734375,156862752,0.188235312700272,151,93200379,93200454,75,40.8621673583984,46.6424560546875,156862752,0.196078449487686,112,93200566,93200613,47,93.8131408691406,55.48828125,43,pin-length-4
156862752,0.184313729405403,93203326,93203396,70,100.506958007813,82.4014892578125,117647072,0.16078431904316,50,93203446,93203512,66,66.8381195068359,94.4715576171875,117647072,0.156862750649452,135,93203647,93203746,99,48.8547668457031,107.616394042969,117647072,0.168627455830574,110,93203856,93203948,92,73.8316345214844,60.486083984375,43,pin-length-4
156862752,0.200000017881393,93204565,93204638,73,128.481018066406,67.407958984375,196078432,0.180392161011696,97,93204735,93204812,77,66.8381195068359,96.470703125,117647072,0.156862750649452,117,93204929,93205004,75,59.8445892333984,122.609985351563,156862752,0.184313729405403,125,93205129,93205180,51,102.804809570313,56.48779296875,43,pin-length-4
156862752,0.172549024224281,93205766,93205822,56,122.486572265625,99.394287109375,156862752,0.156862750649452,1044,93206866,93206923,57,82.8233184814453,83.476318359375,117647072,0.156862750649452,141,93207064,93207123,59,56.8473663330078,103.618103027344,117647072,0.156862750649452,142,93207265,93207338,73,70.8344116210938,63.48486328125,43,pin-length-4
156862752,0.14509804546833,17351788,17351877,89,109.498596191406,60.410888671875,78431376,0.133333340287209,242,17352119,17352209,90,63.8408813476562,110.464721679688,117647072,0.164705887436867,219,17352428,17352526,98,94.8122100830078,108.615966796875,156862752,0.156862750649452,176,17352702,17352768,66,80.8251647949219,67.483154296875,43,pin-length-4
156862752,0.184313729405403,17353596,17353676,80,121.487487792969,111.38916015625,78431376,0.121568635106087,134,17353810,17353918,108,61.8427429199219,77.4788818359375,117647072,0.152941182255745,235,17354153,17354259,106,69.8353424072266,57.6377563476563,117647072,0.121568635106087,210,17354469,17354560,91,91.8149871826172,65.4840087890625,43,pin-length-4
117647072,0.141176477074623,17355221,17355303,82,121.487487792969,84.400634765625,117647072,0.117647066712379,534,17355837,17355952,115,84.8214569091797,130.456176757813,117647072,0.156862750649452,274,17356226,17356361,135,64.8399658203125,116.612548828125,156862752,0.149019613862038,233,17356594,17356687,93,76.828857421875,78.4783935546875,43,pin-length-4
117647072,0.141176477074623,17357329,17357419,90,119.489379882813,95.39599609375,117647072,0.14509804546833,191,17357610,17357726,116,69.8353424072266,77.4788818359375,156862752,0.141176477074623,219,17357945,17358020,75,64.8399658203125,76.629638671875,117647072,0.16078431904316,201,17358221,17358294,73,77.8279418945313,88.47412109375,43,pin-length-4
117647072,0.133333340287209,17359307,17359361,54,96.5106201171875,90.3980712890625,117647072,0.125490203499794,662,17360023,17360105,82,61.8427429199219,71.4814453125,78431376,0.109803929924965,224,17360329,17360439,110,44.8584594726563,77.6292114257813,117647072,0.14509804546833,165,17360604,17360660,56,64.8399658203125,71.4814453125,43,pin-length-4
156862752,0.156862750649452,17363180,17363254,74,115.493041992188,79.40283203125,117647072,0.14509804546833,169,17363423,17363539,116,44.8584594726563,65.4840087890625,78431376,0.137254908680916,209,17363748,17363846,98,61.8427429199219,69.6326293945313,156862752,0.156862750649452,194,17364040,17364099,59,78.8270111083984,20.503173828125,43,pin-length-4
156862752,0.168627455830574,17364775,17364855,80,121.487487792969,80.40234375,156862752,0.16078431904316,184,17365039,17365138,99,58.8455200195313,38.4954833984375,156862752,0.149019613862038,160,17365298,17365407,109,64.8399658203125,69.6326293945313,117647072,0.164705887436867,175,17365582,17365680,98,84.8214569091797,87.474609375,43,pin-length-4
666666688,0.235294133424759,11028872,11028963,91,70,55.8125,666666688,0.239215701818466,158,11029121,11029196,75,67.3333435058594,89.83349609375,666666688,0.227450996637344,276,11029472,11029546,74,65.3333740234375,67.83837890625,666666688,0.231372565031052,159,11029705,11029763,58,75.3333740234375,63.1441650390625,44,pin-length-4
666666688,0.231372565031052,11054854,11054952,98,76,51.1468505859375,666666688,0.239215701818466,110,11055062,11055196,134,67.3333435058594,52.5084838867187,666666688,0.211764723062515,149,11055345,11055453,108,66,55.174560546875,666666688,0.235294133424759,151,11055604,11055695,91,74,52.4799194335938,44,pin-length-4
666666688,0.223529428243637,11057796,11057887,91,68.6666870117188,59.8115844726563,666666688,0.235294133424759,159,11058046,11058128,82,75.3333435058594,59.8401489257813,666666688,0.235294133424759,261,11058389,11058472,83,44.6666870117187,70.5044555664063,666666688,0.231372565031052,158,11058630,11058707,77,71.3333740234375,56.47900390625,44,pin-length-4
666666688,0.227450996637344,11059639,11059747,108,74.6666870117187,59.8115844726563,666666688,0.235294133424759,151,11059898,11059981,83,64.6666870117187,77.836181640625,666666688,0.21960785984993,226,11060207,11060306,99,56,55.841064453125,666666688,0.227450996637344,118,11060424,11060497,73,71.3333740234375,48.4807739257812,44,pin-length-4
666666688,0.231372565031052,11061425,11061532,107,72.6666870117188,51.1468505859375,666666688,0.239215701818466,143,11061675,11061773,98,68.6666870117188,56.507568359375,666666688,0.227450996637344,178,11061951,11062074,123,48,59.1736450195313,666666688,0.231372565031052,151,11062225,11062309,84,52,69.8093872070313,44,pin-length-4
666666688,0.235294133424759,11063436,11063543,107,62,63.8107299804688,666666688,0.235294133424759,183,11063726,11063842,116,65.3333435058594,56.507568359375,666666688,0.235294133424759,193,11064035,11064126,91,54.6666870117187,51.8419799804687,666666688,0.235294133424759,136,11064262,11064334,72,61.3333740234375,67.143310546875,44,pin-length-4
666666688,0.231372565031052,11065422,11065520,98,84,47.8142700195312,666666688,0.243137270212173,134,11065654,11065736,82,74,48.5093994140625,666666688,0.231372565031052,236,11065972,11066078,106,71.3333740234375,61.1732177734375,666666688,0.231372565031052,110,11066188,11066261,73,60,81.1401977539063,44,pin-length-4
666666688,0.239215701818466,11068089,11068178,89,87.3333435058594,79.80712890625,666666688,0.239215701818466,146,11068324,11068420,96,72.6666870117188,59.1736450195313,666666688,0.231372565031052,195,11068615,11068713,98,58.6666870117188,61.8397216796875,666666688,0.235294133424759,142,11068855,11068929,74,62,81.8067016601563,44,pin-length-4
666666688,0.235294133424759,11070319,11070408,89,71.3333435058594,53.1464233398438,666666688,0.235294133424759,132,11070540,11070630,90,65.3333435058594,61.8397216796875,666666688,0.21960785984993,193,11070823,11070922,99,75.3333740234375,67.83837890625,666666688,0.231372565031052,136,11071058,11071139,81,66.6666870117188,74.4749755859375,44,pin-length-4
666666688,0.243137270212173,11072452,11072559,107,76.6666870117188,60.4781494140625,666666688,0.258823543787003,150,11072709,11072801,92,106,46.5098266601563,666666688,0.247058838605881,200,11073001,11073091,90,69.3333740234375,58.5071411132813,666666688,0.243137270212173,161,11073252,11073334,82,84,67.143310546875,44,pin-length-4
666666688,0.254901975393295,11074469,11074567,98,76,59.8115844726563,666666688,0.258823543787003,145,11074712,11074810,98,80.6666870117187,56.507568359375,666666688,0.250980406999588,193,11075003,11075118,115,72.6666870117188,67.83837890625,666666688,0.254901975393295,169,11075287,11075385,98,80.6666870117187,59.8115844726563,44,pin-length-4
666666688,0.231372565031052,11032840,11032940,100,72,51.8134155273438,666666688,0.235294133424759,203,11033143,11033239,96,59.3333435058594,75.8366088867188,666666688,0.235294133424759,504,11033743,11033831,88,58,65.1723022460938,666666688,0.231372565031052,169,11034000,11034056,56,76,63.8107299804688,44,pin-length-4
666666688,0.235294133424759,11076605,11076686,81,70.6666870117188,64.4772338867188,666666688,0.243137270212173,152,11076838,11076920,82,72.6666870117188,55.841064453125,666666688,0.231372565031052,201,11077121,11077196,75,76,61.1732177734375,666666688,0.231372565031052,152,11077348,11077412,64,62,49.1473388671875,44,pin-length-4
666666688,0.266666680574417,11078591,11078705,114,80.6666870117187,49.1473388671875,666666688,0.270588248968124,210,11078915,11079030,115,74,44.51025390625,666666688,0.250980406999588,177,11079207,11079324,117,58,55.841064453125,666666688,0.266666680574417,141,11079465,11079548,83,62,55.14599609375,44,pin-length-4
666666688,0.270588248968124,11081325,11081408,83,66,59.1450805664063,666666688,0.274509817361832,174,11081582,11081682,100,67.3333435058594,67.83837890625,666666688,0.258823543787003,168,11081850,11081956,106,54,80.5022583007812,666666688,0.243137270212173,143,11082099,11082190,91,56.6666870117188,74.4749755859375,44,pin-length-4
666666688,0.270588248968124,11083084,11083174,90,79.3333435058594,56.47900390625,666666688,0.274509817361832,194,11083368,11083458,90,74,51.1754150390625,666666688,0.250980406999588,235,11083693,11083792,99,65.3333740234375,66.50537109375,666666688,0.235294133424759,211,11084003,11084075,72,92,83.8062744140625,44,pin-length-4
666666688,0.266666680574417,11085038,11085160,122,74,51.1468505859375,666666688,0.258823543787003,144,11085304,11085394,90,66.6666870117188,48.5093994140625,666666688,0.243137270212173,210,11085604,11085702,98,70,67.83837890625,666666688,0.254901975393295,168,11085870,11085970,100,99.3333740234375,60.4781494140625,44,pin-length-4
666666688,0.258823543787003,11087322,11087404,82,74.6666870117187,46.4812622070312,666666688,0.274509817361832,169,11087573,11087647,74,62.6666870117188,49.1759033203125,666666688,0.254901975393295,193,11087840,11087938,98,66.6666870117188,65.8388061523438,666666688,0.258823543787003,143,11088081,11088171,90,81.3333740234375,63.1441650390625,44,pin-length-4
666666688,0.235294133424759,11035286,11035375,89,78,57.1455078125,666666688,0.231372565031052,177,11035552,11035642,90,80,53.1749877929687,666666688,0.235294133424759,401,11036043,11036119,76,50.6666870117188,57.1741333007813,666666688,0.231372565031052,199,11036318,11036386,68,79.3333740234375,65.8102416992188,44,pin-length-4
666666688,0.231372565031052,11037994,11038093,99,72.6666870117188,46.4812622070312,666666688,0.235294133424759,152,11038245,11038318,73,55.3333435058594,55.841064453125,666666688,0.235294133424759,334,11038652,11038743,91,62,73.1705322265625,666666688,0.231372565031052,152,11038895,11038943,48,56,92.470947265625,44,pin-length-4
666666688,0.231372565031052,11040480,11040580,100,67.3333435058594,60.4781494140625,666666688,0.235294133424759,166,11040746,11040837,91,76.6666870117188,57.8406372070313,666666688,0.227450996637344,454,11041291,11041373,82,60.6666870117188,46.5098266601563,666666688,0.235294133424759,174,11041547,11041621,74,66.6666870117188,69.142822265625,44,pin-length-4
666666688,0.231372565031052,11042640,11042722,82,64.6666870117187,49.1473388671875,666666688,0.239215701818466,118,11042840,11042922,82,77.3333435058594,40.5111694335938,666666688,0.227450996637344,403,11043325,11043408,83,64,49.1759033203125,666666688,0.231372565031052,145,11043553,11043625,72,65.3333740234375,77.1410522460937,44,pin-length-4
666666688,0.231372565031052,11044451,11044533,82,73.3333435058594,45.148193359375,666666688,0.227450996637344,117,11044650,11044716,66,74,63.8392944335938,666666688,0.231372565031052,285,11045001,11045085,84,68,67.83837890625,666666688,0.231372565031052,135,11045220,11045300,80,81.3333740234375,71.8088989257813,44,pin-length-4
666666688,0.227450996637344,11046119,11046202,83,70,57.8120727539063,666666688,0.235294133424759,125,11046327,11046410,83,80.6666870117187,37.8450927734375,666666688,0.235294133424759,385,11046795,11046878,83,58.6666870117188,55.174560546875,666666688,0.231372565031052,167,11047045,11047111,66,67.3333740234375,85.8057861328125,44,pin-length-4
666666688,0.231372565031052,11053094,11053177,83,88.6666870117188,45.148193359375,666666688,0.239215701818466,118,11053295,11053378,83,70,56.507568359375,666666688,0.231372565031052,158,11053536,11053634,98,54.6666870117187,55.174560546875,666666688,0.235294133424759,136,11053770,11053826,56,57.3333740234375,53.1464233398438,44,pin-length-4
